date,EE,LT,LV,AT,BE,FR,GER,NL,PL,DK1,DK2,FI,NO1,NO2,NO3,NO4,NO5,SE1,SE2,SE3,SE4
2025-07-28 00:00:00,7.11,106.99,106.99,106.99,113.56,67.54,113.56,113.56,106.99,113.56,113.56,7.11,64.0,113.56,7.11,7.11,20.05,7.11,7.11,34.58,106.99
2025-07-28 00:15:00,1.79,101.45,101.45,99.24,101.45,62.29,101.45,101.45,101.45,101.45,101.45,1.79,64.0,101.45,7.11,7.11,20.05,1.79,7.11,33.62,101.45
2025-07-28 00:30:00,-3.01,87.24,87.24,89.09,93.1,55.29,93.1,93.1,93.1,93.1,93.1,-3.01,64.0,93.1,7.11,7.11,20.05,-3.01,7.11,33.99,87.24
2025-07-28 00:45:00,-3.01,50.39,50.39,80.99,87.0,35.23,87.0,87.0,87.0,87.0,87.0,-3.01,64.0,87.0,7.1,7.1,20.05,-3.01,7.1,26.06,50.39
2025-07-28 01:00:00,-0.01,98.19,98.19,94.18,96.85,56.23,101.1,101.1,98.19,101.1,101.1,-0.01,60.99,101.1,6.66,6.66,17.85,-0.01,6.66,32.62,98.19
2025-07-28 01:15:00,-2.38,92.17,92.17,92.17,89.07,55.95,92.17,92.17,92.17,92.17,92.17,-2.38,60.99,92.17,6.71,6.71,17.85,-2.38,6.71,31.64,92.17
2025-07-28 01:30:00,-3.01,79.82,79.82,84.27,79.2,53.24,85.88,85.88,85.88,85.88,85.88,-3.01,60.99,85.88,6.85,6.85,17.85,-3.01,6.85,26.06,79.82
2025-07-28 01:45:00,-3.01,69.49,69.49,72.96,59.2,50.75,80.76,80.76,80.76,80.76,80.76,-3.01,60.99,80.76,6.99,6.99,17.85,-3.01,6.99,24.59,69.49
2025-07-28 02:00:00,2.05,93.95,93.95,86.01,77.01,50.2,93.95,93.95,93.95,93.95,93.95,2.05,59.99,93.95,6.04,6.04,17.85,2.05,6.04,28.1,93.95
2025-07-28 02:15:00,-1.59,73.85,73.85,81.65,72.59,49.06,88.43,88.43,88.43,88.43,88.43,-1.59,59.99,88.43,6.16,6.16,17.85,-1.59,6.16,28.15,73.85
2025-07-28 02:30:00,-1.65,42.68,42.68,80.23,57.0,47.0,85.3,85.3,85.3,85.3,85.3,-1.65,59.99,85.3,6.32,6.32,17.85,-1.65,6.32,27.08,42.68
2025-07-28 02:45:00,-1.11,37.73,37.73,76.09,53.4,24.06,82.24,82.24,82.24,82.24,82.24,-1.11,59.99,82.24,6.45,6.45,17.85,-1.11,6.45,25.66,37.73
2025-07-28 03:00:00,3.2,76.03,76.03,84.91,84.1,36.09,86.34,86.34,86.34,86.34,86.34,3.2,58.99,86.34,7.09,7.09,17.85,3.2,7.09,27.42,76.03
2025-07-28 03:15:00,3.95,37.73,37.73,80.23,75.1,22.25,84.41,84.41,85.1,84.41,84.41,3.95,58.99,84.41,7.54,7.54,17.85,3.95,7.54,23.51,37.73
2025-07-28 03:30:00,3.4,42.68,42.68,80.21,75.1,19.48,85.0,85.0,85.0,85.0,85.0,3.4,58.99,85.0,7.79,7.79,17.85,3.4,7.79,23.51,42.68
2025-07-28 03:45:00,-3.01,37.73,37.73,79.76,74.09,3.03,82.87,82.87,92.8,82.87,82.87,-3.01,58.99,82.87,7.82,7.82,17.85,-3.01,7.82,22.04,37.73
2025-07-28 04:00:00,2.05,78.0,78.0,78.55,73.5,35.49,78.0,78.0,80.8,78.0,78.0,2.05,57.99,78.0,5.1,5.1,17.85,2.05,5.1,26.64,78.0
2025-07-28 04:15:00,2.05,50.11,50.11,81.67,74.38,35.49,81.67,81.67,85.14,81.67,81.67,2.05,57.99,81.67,7.01,7.01,17.85,2.05,7.01,26.19,50.11
2025-07-28 04:30:00,2.05,40.2,40.2,84.31,74.5,33.53,85.0,85.0,95.38,85.0,85.0,2.05,57.99,85.0,7.2,7.2,17.85,2.05,7.2,25.69,40.2
2025-07-28 04:45:00,-3.01,27.82,27.82,87.73,83.5,35.49,87.73,85.0,87.73,85.0,85.0,-3.01,57.99,87.73,7.71,7.71,17.85,-3.01,7.71,25.39,27.82
2025-07-28 05:00:00,2.05,80.3,80.3,65.9,38.07,38.07,80.3,80.3,85.74,80.3,80.3,2.05,59.99,77.57,6.1,6.1,17.85,2.05,6.1,24.0,80.3
2025-07-28 05:15:00,2.05,63.55,63.55,78.21,42.07,42.07,84.54,84.54,95.22,84.54,84.54,2.05,59.99,84.54,7.09,7.09,17.85,2.05,7.09,23.75,63.55
2025-07-28 05:30:00,2.05,56.07,56.07,86.0,45.07,45.07,95.42,94.86,97.32,94.86,94.86,2.05,59.99,94.86,8.12,8.12,17.85,2.05,8.4,24.15,56.07
2025-07-28 05:45:00,10.31,60.3,60.3,89.04,50.31,50.2,113.46,97.5,97.52,97.5,97.5,10.31,59.99,97.5,8.06,8.06,17.85,10.31,10.31,24.7,60.3
2025-07-28 06:00:00,8.27,50.1,50.1,75.62,75.7,41.0,84.72,84.72,93.48,84.72,84.72,8.27,59.0,72.92,8.27,6.74,17.85,8.27,8.27,29.12,50.1
2025-07-28 06:15:00,9.96,50.2,50.2,100.17,86.1,50.0,102.56,99.6,105.39,88.7,88.7,9.96,59.0,72.92,8.94,7.18,17.85,9.96,9.96,32.49,50.2
2025-07-28 06:30:00,18.74,48.29,48.29,107.0,100.6,50.44,111.82,100.6,109.6,93.22,93.22,18.74,59.0,73.14,8.94,7.12,17.85,18.74,18.74,30.32,48.29
2025-07-28 06:45:00,34.09,48.79,48.79,109.84,88.23,50.68,124.59,98.6,109.84,91.49,91.49,34.09,59.0,73.32,10.1,7.06,17.85,19.38,19.38,34.09,48.79
2025-07-28 07:00:00,14.63,56.59,56.59,107.69,106.71,56.23,110.12,110.12,116.68,110.12,110.12,14.63,61.35,110.12,8.35,6.72,22.85,9.94,9.94,39.31,56.59
2025-07-28 07:15:00,49.51,82.5,82.5,107.69,108.07,60.23,111.26,110.9,142.43,110.9,110.9,49.51,61.35,110.9,9.7,7.09,22.85,9.96,9.96,51.01,82.5
2025-07-28 07:30:00,51.17,89.72,89.72,107.13,103.83,59.23,115.87,115.87,133.76,108.55,113.38,51.17,62.69,108.55,10.69,6.95,22.85,10.69,10.69,62.69,89.72
2025-07-28 07:45:00,51.17,60.89,60.89,98.08,65.4,56.23,124.34,120.0,128.0,107.79,108.11,51.17,61.35,107.79,14.36,6.8,22.85,14.36,14.36,51.17,60.89
2025-07-28 08:00:00,48.36,109.93,109.93,129.9,129.9,86.5,129.9,129.9,129.9,111.3,111.3,48.36,71.28,111.3,7.09,7.09,24.24,9.95,9.95,49.9,109.93
2025-07-28 08:15:00,44.68,75.62,75.62,123.42,123.42,75.68,123.42,123.42,123.42,114.06,114.06,44.68,71.28,114.06,7.33,7.33,24.24,9.94,9.94,48.1,75.62
2025-07-28 08:30:00,34.51,59.49,59.49,114.11,102.59,59.02,114.11,102.59,114.11,102.59,102.59,34.51,71.28,102.59,6.86,6.86,24.24,9.94,9.94,48.19,59.49
2025-07-28 08:45:00,9.94,55.19,55.19,101.89,46.75,28.64,108.32,80.04,108.32,80.04,82.01,9.94,71.28,73.98,6.86,6.86,24.24,9.94,9.94,43.99,55.19
2025-07-28 09:00:00,39.93,95.03,95.03,133.39,130.0,75.0,133.39,133.39,133.39,95.03,95.03,39.93,74.07,101.09,8.31,6.93,24.24,9.94,9.94,71.53,95.03
2025-07-28 09:15:00,21.61,109.93,109.93,120.32,109.01,46.01,125.67,125.67,125.67,101.99,109.93,21.61,74.07,101.99,8.31,6.93,24.24,9.92,9.92,68.89,109.93
2025-07-28 09:30:00,9.91,50.89,50.89,103.02,83.29,30.1,103.68,95.64,103.68,95.64,95.64,9.91,74.07,95.64,8.31,6.93,24.24,9.91,9.91,37.1,50.89
2025-07-28 09:45:00,9.9,48.99,48.99,83.33,26.89,20.2,84.53,80.0,146.93,80.0,84.53,9.9,72.66,72.66,8.31,6.93,24.24,9.9,9.9,35.59,48.99
2025-07-28 10:00:00,5.46,83.27,83.27,122.26,90.61,37.55,122.26,90.61,122.26,83.27,83.27,5.46,68.17,90.61,8.66,6.93,24.24,5.46,9.95,42.5,83.27
2025-07-28 10:15:00,5.46,86.2,86.2,105.58,86.2,28.63,106.73,86.2,107.48,86.2,86.2,5.46,68.17,86.2,8.64,6.93,24.24,5.46,9.93,34.57,86.2
2025-07-28 10:30:00,5.46,89.73,89.73,90.48,87.5,23.48,90.48,87.5,105.93,87.5,89.73,5.46,68.17,87.5,8.67,6.93,24.24,5.46,9.92,29.5,89.73
2025-07-28 10:45:00,5.46,32.77,32.77,83.03,68.01,12.7,83.03,83.03,105.99,83.03,83.03,5.46,68.17,71.19,8.67,6.93,24.24,5.46,9.91,27.83,32.77
2025-07-28 11:00:00,5.46,108.26,108.26,105.93,89.25,32.47,111.0,89.25,114.13,36.21,108.26,5.46,62.5,101.09,9.97,6.91,23.5,5.46,9.97,36.21,108.26
2025-07-28 11:15:00,5.46,93.15,93.15,93.15,93.15,22.48,93.15,93.15,114.09,26.64,93.15,5.46,62.5,93.15,9.95,6.91,23.5,5.46,9.95,26.64,93.15
2025-07-28 11:30:00,5.46,84.77,84.77,85.93,82.0,30.27,85.93,82.0,109.95,24.0,84.77,5.46,62.5,85.93,9.94,6.91,23.5,5.46,9.94,24.0,84.77
2025-07-28 11:45:00,5.46,62.54,62.54,76.09,62.4,13.58,80.52,62.4,104.9,14.19,73.31,5.46,62.5,80.52,8.83,6.91,23.5,5.46,9.92,14.19,62.54
2025-07-28 12:00:00,5.46,99.8,99.8,99.8,99.8,29.89,99.8,99.8,99.8,7.23,99.8,5.46,75.4,99.8,9.97,6.96,22.85,5.46,9.97,29.28,99.8
2025-07-28 12:15:00,5.46,83.85,83.85,83.85,83.85,25.69,83.85,83.85,96.43,17.22,83.85,5.46,75.4,83.85,9.97,7.46,22.85,5.46,9.97,29.28,83.85
2025-07-28 12:30:00,5.46,68.3,68.3,80.9,78.0,38.09,80.9,78.0,96.44,12.27,70.5,5.46,75.4,78.0,9.97,7.4,22.85,5.46,9.97,26.64,68.3
2025-07-28 12:45:00,5.46,42.67,42.67,72.1,71.87,1.93,72.1,71.87,95.41,19.28,63.41,5.46,71.87,71.87,9.96,6.84,22.85,5.46,9.96,25.19,42.67
2025-07-28 13:00:00,9.02,59.0,59.0,97.42,80.6,46.0,97.42,80.6,97.42,34.65,59.0,9.02,58.5,80.6,10.0,7.41,22.85,9.02,10.0,34.57,59.0
2025-07-28 13:15:00,10.66,42.68,42.68,88.4,75.0,31.8,88.4,75.0,93.09,28.65,60.1,10.66,58.5,75.0,9.98,7.41,22.85,9.98,9.98,30.59,42.68
2025-07-28 13:30:00,14.29,42.68,42.68,76.17,70.0,14.15,76.17,70.0,85.51,20.65,70.5,14.29,58.5,70.0,10.0,7.41,22.85,10.0,10.0,30.09,42.68
2025-07-28 13:45:00,13.49,32.77,32.77,63.04,63.04,0.85,63.04,63.04,69.26,30.72,63.04,13.49,58.5,63.04,13.93,7.41,22.85,13.49,13.93,29.55,32.77
2025-07-28 14:00:00,31.51,31.51,31.51,76.22,58.2,22.47,76.22,58.2,78.09,10.39,60.5,31.51,55.5,75.07,14.95,7.41,23.5,17.93,17.93,31.51,31.51
2025-07-28 14:15:00,32.77,32.77,32.77,71.53,54.12,12.4,71.53,54.12,81.95,24.2,61.5,32.77,55.5,71.53,14.93,7.41,23.5,17.95,17.95,32.77,32.77
2025-07-28 14:30:00,37.73,37.73,37.73,71.95,55.0,10.17,68.71,55.0,82.31,27.2,59.5,37.73,55.5,68.71,14.91,7.41,23.5,17.96,17.96,37.73,37.73
2025-07-28 14:45:00,40.2,40.2,40.2,76.06,58.0,7.75,69.25,58.0,81.99,-15.07,63.5,40.2,55.5,69.25,14.89,7.41,23.5,17.98,17.98,40.2,40.2
2025-07-28 15:00:00,40.66,40.66,40.66,76.83,55.8,18.86,68.98,55.8,73.81,6.0,64.91,40.66,58.71,68.98,14.99,7.42,23.5,21.8,40.66,40.66,40.66
2025-07-28 15:15:00,44.4,44.4,44.4,81.03,65.75,20.65,67.33,65.75,68.21,13.0,67.33,44.4,58.71,67.33,14.97,7.42,23.5,23.07,41.63,44.4,44.4
2025-07-28 15:30:00,51.2,51.2,51.2,91.2,72.2,12.81,72.2,72.2,95.29,17.08,61.85,51.2,58.71,72.2,14.95,7.42,23.5,23.07,41.63,51.2,51.2
2025-07-28 15:45:00,52.58,52.58,52.58,102.94,73.61,16.87,73.61,73.61,95.28,24.07,69.74,52.58,58.71,73.61,14.94,7.42,23.5,23.07,41.63,52.58,52.58
2025-07-28 16:00:00,46.68,46.68,46.68,62.63,62.63,11.52,62.63,62.63,82.49,-18.22,46.68,46.68,62.63,62.63,16.6,7.44,23.5,18.82,46.68,46.68,46.68
2025-07-28 16:15:00,59.55,59.55,59.55,78.42,68.4,7.75,68.4,68.4,82.25,-2.53,59.55,59.55,64.5,68.4,16.56,7.44,23.5,18.82,47.11,59.55,59.55
2025-07-28 16:30:00,65.0,65.0,65.0,94.94,77.0,33.45,77.0,77.0,76.84,12.47,65.0,65.0,65.0,77.0,16.52,7.44,23.5,18.87,47.11,65.0,65.0
2025-07-28 16:45:00,79.29,79.29,79.29,109.61,90.65,36.89,90.65,90.65,91.19,24.47,79.29,79.29,79.29,90.65,16.47,7.44,23.5,19.08,47.11,79.29,79.29
2025-07-28 17:00:00,40.12,40.12,40.12,73.82,67.35,7.01,67.35,67.35,87.31,6.17,40.12,40.12,67.35,67.35,14.8,7.68,14.8,40.12,40.12,40.12,40.12
2025-07-28 17:15:00,52.0,52.0,52.0,84.18,77.55,15.1,77.55,77.55,74.17,49.94,52.0,52.0,77.55,77.55,14.8,7.68,14.8,52.0,52.0,52.0,52.0
2025-07-28 17:30:00,67.94,67.94,67.94,94.96,88.23,35.52,88.23,88.23,95.36,42.13,67.94,67.94,72.99,72.99,14.8,7.68,14.8,52.96,52.96,67.94,67.94
2025-07-28 17:45:00,79.29,79.29,79.29,104.7,98.8,45.96,108.17,98.8,97.32,54.36,79.29,79.29,79.29,79.29,14.8,7.68,14.8,52.95,52.95,79.29,79.29
2025-07-28 18:00:00,42.49,42.49,42.49,73.1,70.68,14.33,70.68,70.68,91.52,54.0,54.0,42.49,69.48,69.63,15.59,7.64,19.85,42.49,42.49,42.49,42.49
2025-07-28 18:15:00,70.85,70.85,70.85,91.03,81.25,30.35,81.25,81.25,91.48,70.85,70.85,70.85,70.85,81.25,15.59,7.65,19.85,50.86,55.61,70.85,70.85
2025-07-28 18:30:00,70.86,70.86,70.86,106.98,102.57,73.93,102.57,102.57,111.02,70.86,70.86,70.86,70.86,102.57,15.59,7.66,19.85,50.86,53.61,70.86,70.86
2025-07-28 18:45:00,79.17,79.17,79.17,112.33,113.5,83.87,113.5,113.5,117.62,79.17,79.17,79.17,79.17,113.5,15.59,7.66,19.85,50.91,53.61,79.17,79.17
2025-07-28 19:00:00,58.01,58.01,58.01,89.99,81.46,33.04,81.46,81.46,109.66,81.46,81.46,58.01,70.35,70.35,13.9,3.33,13.9,58.01,58.01,58.01,58.01
2025-07-28 19:15:00,75.95,75.95,75.95,89.47,86.9,56.61,86.9,86.9,114.45,86.9,86.9,59.01,83.44,86.9,13.9,3.33,13.9,59.01,59.01,68.89,75.95
2025-07-28 19:30:00,84.9,84.9,84.9,100.62,109.07,89.32,109.07,109.07,139.97,102.26,102.26,52.36,83.44,102.26,13.9,3.33,13.9,52.36,52.36,82.09,84.9
2025-07-28 19:45:00,102.98,102.98,102.98,105.32,123.59,94.63,123.59,123.59,156.22,108.23,108.23,38.62,83.44,108.23,10.59,3.33,12.68,38.62,52.05,82.09,102.98
2025-07-28 20:00:00,68.04,75.71,75.71,96.18,66.19,40.04,107.9,97.07,133.93,97.07,97.07,68.04,70.46,97.07,15.63,7.44,23.5,56.0,56.0,70.46,75.71
2025-07-28 20:15:00,68.04,78.91,78.91,99.24,91.74,48.08,111.81,111.81,140.85,111.81,111.81,68.04,70.46,111.81,15.63,7.44,23.5,56.01,56.01,70.46,78.91
2025-07-28 20:30:00,38.6,89.72,89.72,101.29,115.38,70.0,115.38,115.38,136.29,115.38,115.38,38.6,70.47,115.38,15.63,7.44,23.5,38.6,38.6,70.47,89.72
2025-07-28 20:45:00,41.39,79.94,79.94,102.23,119.73,84.35,119.73,119.73,135.98,119.73,119.73,41.39,69.24,119.73,15.63,7.44,23.5,41.39,48.08,68.89,79.94
2025-07-28 21:00:00,62.42,87.24,87.24,120.0,120.23,74.27,120.23,120.23,154.94,118.89,101.5,62.42,66.0,118.89,13.94,7.43,23.5,43.33,43.33,66.0,87.24
2025-07-28 21:15:00,62.42,87.24,87.24,107.85,114.34,74.98,114.34,114.34,137.89,114.34,98.35,62.42,65.99,114.34,13.94,7.43,23.5,42.72,42.72,65.99,87.24
2025-07-28 21:30:00,59.01,71.59,71.59,97.0,109.56,77.61,109.56,109.56,124.03,109.56,83.5,59.01,65.99,109.56,13.94,7.43,23.5,43.85,43.85,65.99,71.59
2025-07-28 21:45:00,43.0,61.4,61.4,79.86,101.23,74.87,101.23,101.23,108.02,101.09,74.37,43.0,65.41,101.09,13.94,7.43,23.5,43.0,43.0,58.32,61.4
2025-07-28 22:00:00,56.79,85.09,85.09,116.88,123.66,87.1,123.66,123.66,116.88,123.66,85.09,56.79,64.91,101.09,14.31,1.3,14.31,40.8,40.8,56.79,85.09
2025-07-28 22:15:00,56.8,73.99,73.99,106.99,110.17,86.02,110.17,110.17,114.15,110.17,73.99,56.8,64.87,101.09,14.31,1.3,14.31,40.8,40.8,56.8,73.99
2025-07-28 22:30:00,56.79,59.36,59.36,91.41,95.28,83.7,95.28,95.28,107.14,95.28,59.36,56.79,64.87,95.28,8.59,1.3,13.28,40.8,40.8,56.79,59.36
2025-07-28 22:45:00,34.57,37.72,37.72,82.19,85.33,79.54,85.33,85.33,97.13,85.33,37.72,34.57,64.87,85.33,7.5,-0.16,13.28,34.57,34.57,34.57,37.72
2025-07-28 23:00:00,23.19,23.19,23.19,106.61,111.8,81.19,111.8,111.8,101.61,111.8,23.19,23.19,33.2,91.23,16.57,7.63,16.57,23.19,23.19,23.19,23.19
2025-07-28 23:15:00,23.17,23.17,23.17,94.04,94.04,69.53,94.04,94.04,94.04,94.04,23.17,23.17,31.85,91.23,14.89,7.61,14.89,23.17,23.17,23.17,23.17
2025-07-28 23:30:00,20.4,20.4,20.4,84.53,84.53,63.2,84.53,84.53,87.41,84.53,20.4,20.4,30.7,84.53,14.89,7.59,14.89,20.4,20.4,20.4,20.4
2025-07-28 23:45:00,-4999.5,-15.23,-15.23,72.48,72.48,50.97,72.48,72.48,82.94,72.48,18.11,18.11,30.05,71.87,14.89,7.57,14.89,18.11,18.11,18.11,18.11
2025-07-29 00:00:00,14.68,14.68,14.68,85.28,103.6,81.67,103.6,103.6,85.28,103.6,14.68,14.68,30.65,69.09,14.68,7.92,14.68,14.68,14.68,14.68,14.68
2025-07-29 00:15:00,13.22,13.22,13.22,80.34,89.85,69.69,89.85,89.85,80.34,89.85,13.22,13.22,30.0,67.89,13.22,7.92,14.59,13.22,13.22,13.22,13.22
2025-07-29 00:30:00,9.0,9.0,9.0,66.19,82.47,50.68,82.47,82.47,77.88,82.47,9.0,9.0,29.73,66.19,9.0,7.92,14.59,9.0,9.0,9.0,9.0
2025-07-29 00:45:00,2.06,2.06,2.06,59.39,75.51,32.68,75.51,75.51,78.3,75.51,2.06,2.06,29.73,64.79,8.18,7.21,14.59,2.06,2.06,2.06,2.06
2025-07-29 01:00:00,21.43,21.43,21.43,86.7,89.19,62.52,89.19,89.19,86.7,89.19,21.43,21.43,22.75,89.19,14.82,-9.36,14.82,21.43,21.43,21.43,21.43
2025-07-29 01:15:00,10.9,10.9,10.9,80.09,83.51,40.97,83.51,83.51,83.47,83.51,10.9,10.9,22.6,83.51,10.79,-10.89,14.57,10.9,10.9,10.9,10.9
2025-07-29 01:30:00,10.44,10.44,10.44,71.75,80.03,37.97,80.03,80.03,78.12,80.03,10.44,10.44,22.5,80.03,10.44,-10.89,14.57,10.44,10.44,10.44,10.44
2025-07-29 01:45:00,8.91,8.91,8.91,60.78,77.28,29.57,77.28,77.28,75.65,77.28,8.91,8.91,22.14,65.69,8.91,-11.66,14.57,8.91,8.91,8.91,8.91
2025-07-29 02:00:00,8.85,8.85,8.85,84.17,96.92,42.77,85.95,85.95,84.17,85.95,8.85,8.85,14.89,85.95,8.85,-11.13,14.89,8.85,8.85,8.85,8.85
2025-07-29 02:15:00,7.29,7.29,7.29,78.91,86.9,36.66,78.91,78.91,81.68,78.91,7.29,7.29,14.89,78.91,7.29,-11.38,14.89,7.29,7.29,7.29,7.29
2025-07-29 02:30:00,6.5,6.5,6.5,71.59,77.61,34.78,77.61,77.61,77.61,77.61,6.5,6.5,14.89,77.61,6.5,-12.25,14.89,6.5,6.5,6.5,6.5
2025-07-29 02:45:00,4.92,4.92,4.92,63.53,77.22,30.99,77.22,77.22,83.57,77.22,4.92,4.92,14.89,77.22,4.92,-13.17,14.89,4.92,4.92,4.92,4.92
2025-07-29 03:00:00,10.99,10.99,10.99,79.2,79.2,35.73,79.2,79.2,79.2,79.2,10.99,10.99,19.55,79.2,10.99,-12.85,14.45,10.99,10.99,10.99,10.99
2025-07-29 03:15:00,8.91,8.91,8.91,78.47,78.47,32.02,78.47,78.47,78.47,78.47,8.91,8.91,19.1,78.47,8.91,-13.3,14.45,8.91,8.91,8.91,8.91
2025-07-29 03:30:00,8.26,8.26,8.26,77.9,77.9,32.0,77.9,77.9,77.9,77.9,8.26,8.26,19.1,77.9,8.26,-13.45,14.45,8.26,8.26,8.26,8.26
2025-07-29 03:45:00,6.7,6.7,6.7,77.31,77.31,31.99,77.31,77.31,78.61,77.31,6.7,6.7,18.75,77.31,6.7,-14.57,14.45,6.7,6.7,6.7,6.7
2025-07-29 04:00:00,9.83,9.83,9.83,66.5,90.0,30.28,78.09,90.0,79.37,77.61,9.83,9.83,19.85,66.49,9.83,-13.37,14.28,9.83,9.83,9.83,9.83
2025-07-29 04:15:00,8.87,8.87,8.87,73.69,80.3,30.28,79.86,80.3,80.99,78.61,8.87,8.87,19.3,65.09,8.87,-13.15,14.28,8.87,8.87,8.87,8.87
2025-07-29 04:30:00,6.9,6.9,6.9,81.99,81.99,18.2,81.99,81.99,81.99,81.61,6.9,6.9,19.3,64.59,6.9,-13.3,14.28,6.9,6.9,6.9,6.9
2025-07-29 04:45:00,4.47,4.47,4.47,86.48,86.9,11.24,86.9,86.9,86.9,86.9,4.47,4.47,18.85,63.29,4.47,-13.5,14.28,4.47,4.47,4.47,4.47
2025-07-29 05:00:00,7.21,7.21,7.21,68.33,107.9,29.87,75.35,95.0,94.13,75.35,7.21,7.21,20.3,75.35,7.21,-14.72,14.52,7.21,7.21,7.21,7.21
2025-07-29 05:15:00,7.9,7.9,7.9,79.78,85.2,34.28,79.78,95.0,87.25,78.39,7.9,7.9,20.3,78.39,7.9,-13.7,14.52,7.9,7.9,7.9,7.9
2025-07-29 05:30:00,7.21,7.21,7.21,90.05,90.05,34.78,90.05,90.05,91.16,87.42,7.21,7.21,20.25,78.49,7.21,-13.6,14.52,7.21,7.21,7.21,7.21
2025-07-29 05:45:00,9.2,9.2,9.2,94.43,110.34,35.77,110.34,110.34,94.43,92.81,9.2,9.2,20.55,78.51,9.2,-13.45,14.52,9.2,9.2,9.2,9.2
2025-07-29 06:00:00,7.64,7.64,7.64,71.07,77.49,37.02,77.49,77.49,87.38,77.49,7.64,7.64,19.7,77.49,7.64,-12.6,14.86,7.64,7.64,7.64,7.64
2025-07-29 06:15:00,8.09,8.09,8.09,94.78,95.04,45.0,95.04,95.04,94.78,78.77,8.09,8.09,20.3,78.77,8.09,-12.55,14.86,8.09,8.09,8.09,8.09
2025-07-29 06:30:00,14.9,14.9,14.9,99.62,100.3,52.99,100.3,100.3,99.62,88.59,14.9,14.9,21.1,88.59,14.9,-10.12,14.9,14.9,14.9,14.9,14.9
2025-07-29 06:45:00,17.56,17.56,17.56,100.12,100.12,65.0,100.12,100.12,100.12,93.55,17.56,17.56,22.85,93.55,14.9,-10.12,14.9,17.56,17.56,17.56,17.56
2025-07-29 07:00:00,15.61,15.61,15.61,101.66,105.13,52.66,105.13,105.13,105.13,83.67,15.61,15.61,23.0,83.67,8.47,6.61,14.59,6.61,6.61,15.61,15.61
2025-07-29 07:15:00,26.29,26.29,26.29,103.51,103.51,55.52,103.51,103.51,103.51,80.49,37.06,26.29,26.29,80.49,8.47,6.61,14.59,6.61,6.61,26.29,26.29
2025-07-29 07:30:00,30.66,30.66,30.66,97.89,97.89,55.0,97.89,97.89,101.22,80.57,42.06,30.66,30.66,80.57,8.47,7.97,14.59,8.1,8.1,30.66,30.66
2025-07-29 07:45:00,26.29,26.29,26.29,94.8,94.8,50.0,94.8,94.8,97.79,94.8,38.06,26.29,26.29,74.39,8.47,7.97,14.59,8.1,8.1,26.29,26.29
2025-07-29 08:00:00,35.0,35.0,35.0,99.54,134.91,79.61,116.01,145.0,99.54,52.48,50.74,35.0,35.0,72.88,8.79,7.23,14.57,-5.0,-5.0,35.0,35.0
2025-07-29 08:15:00,18.51,18.51,18.51,96.93,110.65,54.4,97.81,110.65,96.93,72.42,61.74,18.51,18.51,72.42,11.59,7.23,14.57,6.62,6.62,18.51,18.51
2025-07-29 08:30:00,8.9,8.9,8.9,91.91,91.91,18.93,91.91,91.91,93.61,71.54,63.74,8.9,14.57,71.54,8.89,7.23,14.57,7.23,7.23,8.9,8.9
2025-07-29 08:45:00,5.19,5.19,5.19,76.41,76.41,3.62,76.41,76.41,78.9,76.41,41.74,5.19,14.57,57.39,11.59,7.23,14.57,5.19,5.19,5.19,5.19
2025-07-29 09:00:00,18.01,18.01,18.01,102.0,102.0,55.46,102.0,102.0,78.73,18.01,18.01,18.01,47.09,76.86,6.09,6.09,14.74,6.09,6.09,18.01,18.01
2025-07-29 09:15:00,17.99,17.99,17.99,87.72,93.61,22.55,87.72,87.72,80.9,17.99,17.99,17.99,46.69,76.87,6.59,6.59,14.74,6.59,6.59,17.99,17.99
2025-07-29 09:30:00,13.18,13.18,13.18,70.8,84.1,8.12,70.8,70.8,70.8,13.18,13.18,13.18,46.69,70.8,6.49,6.49,14.74,6.49,6.49,13.18,13.18
2025-07-29 09:45:00,3.02,3.02,3.02,59.53,59.53,0.0,59.53,59.53,59.53,3.02,3.02,3.02,46.49,59.53,2.89,2.89,14.74,2.89,2.89,3.02,3.02
2025-07-29 10:00:00,15.01,15.01,15.01,83.76,88.7,11.31,88.7,88.7,83.76,15.01,15.01,15.01,48.96,88.7,7.19,7.19,7.19,13.18,7.19,15.01,15.01
2025-07-29 10:15:00,4.49,4.49,4.49,70.23,73.36,5.11,73.36,73.36,70.23,0.43,14.63,4.49,48.76,73.36,4.49,4.49,4.49,4.49,4.49,4.49,4.49
2025-07-29 10:30:00,0.65,0.65,0.65,60.93,60.93,3.67,60.93,60.93,60.93,-12.55,11.63,0.65,48.45,60.93,0.65,0.65,0.65,0.65,0.65,0.65,0.65
2025-07-29 10:45:00,-11.58,-11.58,-11.58,33.3,33.3,3.52,33.3,33.3,65.27,-18.6,-5.12,-11.58,33.3,33.3,-11.58,-11.58,-11.58,-11.58,-11.58,-11.58,-11.58
2025-07-29 11:00:00,4.49,4.49,4.49,77.52,77.52,25.15,77.52,77.52,52.94,4.49,6.89,4.49,22.6,77.52,7.52,4.49,7.52,4.49,4.49,4.49,4.49
2025-07-29 11:15:00,-1.3,-1.3,-1.3,66.53,66.53,19.07,66.53,66.53,54.01,-1.3,-1.3,-1.3,7.52,66.53,7.52,-1.3,7.52,-1.3,-1.3,-1.3,-1.3
2025-07-29 11:30:00,-8.71,-8.71,-8.71,45.33,41.85,17.3,41.85,41.85,41.85,-8.71,-8.71,-8.71,2.28,41.85,-8.71,-8.71,-8.71,-8.71,-8.71,-8.71,-8.71
2025-07-29 11:45:00,-14.48,-14.48,-14.48,34.62,22.8,15.29,22.8,22.8,49.9,-14.48,-14.48,-14.48,0.75,32.01,-14.48,-14.48,-14.48,-14.48,-14.48,-14.48,-14.48
2025-07-29 12:00:00,0.13,0.13,0.13,60.06,50.2,50.2,50.2,50.2,21.28,0.13,0.13,0.13,7.43,50.2,7.43,0.13,7.43,0.13,0.13,0.13,0.13
2025-07-29 12:15:00,-3.65,-3.65,-3.65,31.0,29.54,29.54,29.54,29.54,21.29,-3.65,-3.65,-3.65,5.0,32.5,-3.65,-3.65,5.0,-3.65,-3.65,-3.65,-3.65
2025-07-29 12:30:00,-0.19,-0.19,-0.19,19.52,14.41,14.41,14.41,14.41,21.29,-0.19,-0.19,-0.19,5.0,32.4,-0.19,-0.19,5.0,-0.19,-0.19,-0.19,-0.19
2025-07-29 12:45:00,-8.01,-8.01,-8.01,7.51,0.25,0.25,0.25,0.25,26.61,-4.28,-8.01,-8.01,5.0,32.25,-8.01,-8.01,5.0,-8.01,-8.01,-8.01,-8.01
2025-07-29 13:00:00,11.29,11.29,11.29,46.72,18.43,18.43,18.43,18.43,11.29,-18.45,11.29,11.29,17.85,18.43,7.94,-13.8,18.43,8.49,8.49,11.29,11.29
2025-07-29 13:15:00,5.35,5.35,5.35,25.42,5.35,5.35,5.35,5.35,5.79,5.35,5.35,5.35,5.35,5.35,5.35,-12.98,5.35,5.35,5.35,5.35,5.35
2025-07-29 13:30:00,0.65,0.65,0.65,20.42,0.65,0.65,0.65,0.65,5.76,0.65,0.65,0.65,1.59,1.59,-7.11,-14.82,1.59,0.65,0.65,0.65,0.65
2025-07-29 13:45:00,0.45,0.45,0.45,7.86,0.45,0.45,0.45,0.45,5.73,0.45,0.45,0.45,0.98,0.98,-7.81,-15.54,0.98,0.45,0.45,0.45,0.45
2025-07-29 14:00:00,2.43,2.43,2.43,26.55,2.43,2.43,2.43,2.43,5.66,2.43,2.43,2.43,5.0,5.0,2.43,-12.98,5.0,2.43,2.43,2.43,2.43
2025-07-29 14:15:00,2.76,2.76,2.76,22.57,2.76,2.76,2.76,2.76,5.67,2.76,2.76,2.76,5.0,5.0,2.76,-13.65,5.0,2.76,2.76,2.76,2.76
2025-07-29 14:30:00,2.1,2.1,2.1,26.82,2.1,2.1,2.1,2.1,5.67,2.1,2.1,2.1,5.0,5.0,-7.96,-14.37,5.0,2.1,2.1,2.1,2.1
2025-07-29 14:45:00,5.93,5.93,5.93,35.62,5.93,5.93,5.93,5.93,11.42,5.93,5.93,5.93,5.93,5.93,-7.96,-14.27,5.93,5.93,5.93,5.93,5.93
2025-07-29 15:00:00,-2.02,-2.02,-2.02,22.02,-2.02,0.65,-2.02,-2.02,24.64,-2.02,-2.02,-2.02,3.74,68.55,3.74,-13.32,18.55,-2.02,-2.02,-2.02,-2.02
2025-07-29 15:15:00,0.65,0.65,0.65,30.72,0.65,0.65,0.65,0.65,24.58,0.65,0.65,0.65,0.65,68.54,0.65,-13.22,18.55,0.65,0.65,0.65,0.65
2025-07-29 15:30:00,6.67,6.67,6.67,43.53,6.67,6.67,6.67,6.67,24.63,6.67,6.67,6.67,6.67,68.55,6.67,-12.75,18.55,6.67,6.67,6.67,6.67
2025-07-29 15:45:00,26.17,26.17,26.17,60.04,26.17,26.17,26.17,26.17,26.17,-32.38,26.17,26.17,26.17,68.55,8.89,-12.55,20.64,10.29,10.29,26.17,26.17
2025-07-29 16:00:00,-31.79,-31.79,-31.79,53.0,11.35,2.23,11.35,11.35,51.81,11.35,11.35,-31.79,11.35,11.35,-31.79,-31.79,11.35,-31.79,-31.79,-31.79,-31.79
2025-07-29 16:15:00,-17.35,-17.35,-17.35,60.7,28.49,5.6,28.49,28.49,52.72,-17.35,-17.35,-17.35,14.51,28.49,-17.35,-17.35,14.51,-17.35,-17.35,-17.35,-17.35
2025-07-29 16:30:00,5.0,5.0,5.0,81.77,55.2,28.77,55.2,55.2,61.0,5.0,5.0,5.0,14.51,55.2,5.0,3.66,14.51,5.0,5.0,5.0,5.0
2025-07-29 16:45:00,12.91,12.91,12.91,86.9,77.5,38.88,77.5,77.5,79.67,12.91,12.91,12.91,22.85,79.18,7.1,4.06,14.88,8.11,8.11,12.91,12.91
2025-07-29 17:00:00,4.47,4.47,4.47,63.56,49.79,19.45,37.25,44.0,87.25,4.47,20.0,4.47,18.43,35.57,4.47,-11.66,14.27,4.47,4.47,4.47,4.47
2025-07-29 17:15:00,21.94,21.94,21.94,70.13,54.83,36.45,63.99,68.1,73.42,21.94,31.0,21.94,27.88,63.99,11.44,-11.66,14.27,11.44,11.44,21.94,21.94
2025-07-29 17:30:00,38.18,38.18,38.18,87.01,93.11,59.41,77.87,89.04,94.82,38.18,40.0,38.18,38.18,77.87,11.57,-10.89,14.27,11.57,11.57,38.18,38.18
2025-07-29 17:45:00,40.01,40.01,40.01,95.0,104.2,70.64,95.0,95.9,97.2,40.01,57.0,40.01,40.01,95.0,11.71,-10.89,14.27,12.89,12.89,40.01,40.01
2025-07-29 18:00:00,-5.82,-5.82,-5.82,68.88,64.89,6.35,65.01,95.0,94.8,65.01,65.01,-5.82,28.55,65.01,-5.82,-11.66,14.32,-5.82,-5.82,-5.82,-5.82
2025-07-29 18:15:00,22.91,22.91,22.91,81.61,68.85,14.24,74.96,74.96,103.26,74.96,74.96,22.91,28.95,74.96,7.44,-10.89,14.32,14.78,14.78,22.91,22.91
2025-07-29 18:30:00,38.26,52.48,52.48,99.12,97.44,57.95,91.92,91.92,115.6,85.54,85.54,38.26,38.26,91.92,7.34,-10.89,14.32,14.78,14.78,38.26,52.48
2025-07-29 18:45:00,38.4,56.86,56.86,103.52,96.0,85.79,114.02,92.0,122.6,76.07,76.07,38.4,38.4,105.91,12.06,-10.89,14.32,14.78,14.78,38.4,56.86
2025-07-29 19:00:00,48.5,48.5,48.5,90.06,73.99,35.03,70.55,115.0,127.96,70.55,70.55,48.5,51.36,51.36,8.03,8.03,14.72,8.03,8.03,48.5,48.5
2025-07-29 19:15:00,56.0,56.85,56.85,94.99,88.1,48.59,88.1,129.83,142.25,88.1,88.1,56.0,56.0,77.45,11.41,8.85,14.72,11.41,11.41,56.0,56.85
2025-07-29 19:30:00,56.0,78.67,78.67,107.96,111.79,88.02,111.79,111.79,147.0,111.79,111.79,56.0,56.0,111.79,4.36,4.36,14.72,4.36,4.36,56.0,78.67
2025-07-29 19:45:00,56.11,87.4,87.4,112.01,128.1,99.18,122.6,128.1,152.96,122.6,122.6,56.11,56.11,122.6,4.41,4.41,14.72,4.41,4.41,56.11,87.4
2025-07-29 20:00:00,43.0,43.75,43.75,109.34,106.0,36.67,106.0,107.0,173.38,106.0,106.0,43.0,43.0,106.0,5.0,5.0,14.52,20.86,20.86,43.0,43.75
2025-07-29 20:15:00,39.4,39.4,39.4,109.1,115.5,52.19,114.02,130.5,181.79,114.02,114.02,39.4,39.4,114.02,5.01,5.01,14.52,20.86,20.86,39.4,39.4
2025-07-29 20:30:00,39.4,39.4,39.4,112.72,128.2,83.54,121.22,149.9,185.45,121.22,121.22,39.4,39.4,121.22,5.21,5.21,14.52,16.21,16.21,39.4,39.4
2025-07-29 20:45:00,4.87,39.4,39.4,111.9,157.99,94.0,125.84,165.5,181.93,125.84,125.84,4.87,39.4,125.84,4.87,4.87,14.52,4.87,4.87,39.4,39.4
2025-07-29 21:00:00,38.99,39.39,39.39,123.0,134.72,90.22,134.72,149.0,158.32,122.15,122.15,38.99,38.99,120.27,5.62,-4996.2,14.54,13.15,13.15,38.99,39.39
2025-07-29 21:15:00,38.99,39.39,39.39,118.75,125.42,93.39,125.42,134.0,145.92,123.08,123.08,38.99,38.99,120.6,5.62,-4996.2,14.54,13.13,13.13,38.99,39.39
2025-07-29 21:30:00,35.03,35.03,35.03,109.12,121.7,93.02,120.15,129.9,136.39,120.15,120.15,35.03,35.03,120.15,5.62,-4996.2,14.54,11.93,11.93,35.03,35.03
2025-07-29 21:45:00,21.94,21.94,21.94,100.09,116.6,90.88,106.01,128.9,114.36,106.01,106.01,21.94,29.7,106.01,5.62,-4997.5,14.54,8.77,8.77,21.94,21.94
2025-07-29 22:00:00,18.7,18.7,18.7,112.03,127.31,99.14,127.31,138.3,121.7,127.31,127.31,18.7,26.85,79.64,13.69,8.17,13.69,18.7,18.7,18.7,18.7
2025-07-29 22:15:00,13.71,13.71,13.71,109.67,111.4,96.3,110.36,121.2,118.03,110.36,110.36,13.71,26.1,79.74,13.71,8.17,13.71,13.71,13.71,13.71,13.71
2025-07-29 22:30:00,13.67,13.67,13.67,99.67,107.7,93.71,100.0,112.1,113.56,100.0,100.0,13.67,25.5,79.84,13.67,8.17,13.67,13.67,13.67,13.67,13.67
2025-07-29 22:45:00,8.07,8.07,8.07,89.9,97.2,89.27,94.09,100.1,104.23,94.09,94.09,8.07,24.85,79.94,8.07,8.07,13.53,8.07,8.07,8.07,8.07
2025-07-29 23:00:00,32.41,52.48,52.48,105.23,114.87,114.21,114.87,114.87,113.66,114.87,114.87,32.41,32.41,75.09,12.48,-4996.2,14.42,32.41,32.41,32.41,52.48
2025-07-29 23:15:00,15.61,39.39,39.39,97.91,102.6,80.96,102.6,102.6,110.03,102.6,102.6,15.61,22.4,73.49,12.48,-4996.2,14.42,15.61,15.61,15.61,39.39
2025-07-29 23:30:00,6.64,6.64,6.64,84.56,93.94,76.04,93.94,93.94,101.64,93.94,93.94,6.64,21.85,71.79,6.64,-4996.2,14.42,6.64,6.64,6.64,6.64
2025-07-29 23:45:00,8.83,8.83,8.83,76.35,80.07,54.14,80.07,80.07,94.35,80.07,92.5,6.29,21.5,65.19,6.29,-4996.2,14.42,6.29,6.29,6.29,6.29
2025-07-30 00:00:00,11.89,38.5,38.5,105.0,87.53,87.53,104.49,112.16,105.0,104.49,104.49,11.89,66.29,66.29,2.42,2.42,5.0,11.89,11.89,23.02,38.5
2025-07-30 00:15:00,38.89,38.89,38.89,97.49,100.0,81.47,100.06,100.06,97.49,100.06,100.06,9.63,65.89,65.89,2.37,2.37,5.0,9.63,9.63,9.63,38.89
2025-07-30 00:30:00,3.68,3.68,3.68,94.39,114.0,33.27,88.2,88.2,94.91,88.2,88.2,3.3,65.0,65.0,2.49,2.49,5.0,3.3,3.3,3.3,3.68
2025-07-30 00:45:00,1.89,1.89,1.89,82.59,105.0,12.13,78.08,82.0,90.9,78.08,78.08,1.89,64.82,64.82,1.89,1.89,5.0,1.89,1.89,1.89,1.89
2025-07-30 01:00:00,12.89,36.4,36.4,97.75,106.01,55.92,99.24,99.24,97.75,99.24,70.5,12.89,49.96,64.6,2.19,2.19,17.87,12.89,12.89,12.89,36.4
2025-07-30 01:15:00,10.09,37.09,37.09,96.07,96.0,50.92,91.19,91.19,96.07,91.19,55.5,10.09,49.96,64.42,2.69,2.69,17.87,10.09,10.09,10.09,37.09
2025-07-30 01:30:00,8.11,8.11,8.11,91.8,87.0,45.93,83.42,95.0,95.32,83.42,46.5,8.11,49.96,64.43,2.8,2.8,17.87,8.11,8.11,8.11,8.11
2025-07-30 01:45:00,5.3,5.3,5.3,85.51,66.1,41.16,78.09,86.25,94.53,78.09,41.5,5.3,49.96,64.43,1.9,1.9,17.87,5.3,5.3,5.3,5.3
2025-07-30 02:00:00,3.53,3.53,3.53,96.16,103.6,43.7,97.41,97.0,96.16,80.47,65.5,3.53,3.53,66.49,3.53,3.53,22.63,3.53,3.53,3.53,3.53
2025-07-30 02:15:00,3.4,3.4,3.4,92.1,93.6,40.92,85.3,86.0,95.43,85.3,60.5,3.4,3.4,66.49,3.4,3.4,22.63,3.4,3.4,3.4,3.4
2025-07-30 02:30:00,3.82,3.82,3.82,87.07,87.85,40.44,82.8,83.24,95.41,82.8,55.5,3.82,3.82,66.69,3.82,3.82,22.63,3.82,3.82,3.82,3.82
2025-07-30 02:45:00,3.61,3.61,3.61,84.83,79.84,30.14,78.09,75.44,95.4,75.44,53.5,3.61,3.61,66.29,3.61,3.61,22.63,3.61,3.61,3.61,3.61
2025-07-30 03:00:00,3.58,3.58,3.58,91.18,87.77,40.2,91.18,87.77,95.69,71.79,36.1,3.58,10.19,71.79,10.19,3.58,22.22,3.58,3.58,3.58,3.58
2025-07-30 03:15:00,3.72,3.72,3.72,86.43,74.2,38.48,84.48,74.2,95.68,71.86,27.1,3.72,10.19,71.86,10.19,3.72,22.22,3.72,3.72,3.72,3.72
2025-07-30 03:30:00,4.0,4.0,4.0,87.11,71.2,34.59,83.12,71.2,95.68,68.27,22.1,4.0,10.18,68.27,10.18,4.0,22.22,4.0,4.0,4.0,4.0
2025-07-30 03:45:00,3.66,3.66,3.66,85.71,72.1,24.1,78.15,72.1,95.69,68.08,13.1,3.66,10.17,68.08,10.17,3.66,22.22,3.66,3.66,3.66,3.66
2025-07-30 04:00:00,4.6,4.6,4.6,82.86,77.86,32.55,79.04,77.86,95.38,67.67,24.5,4.6,10.2,67.67,10.2,10.2,22.2,4.6,4.6,4.6,4.6
2025-07-30 04:15:00,5.18,5.18,5.18,84.58,78.2,32.5,79.07,78.2,95.4,70.71,25.5,5.18,10.19,70.71,10.19,10.19,22.2,5.18,5.18,5.18,5.18
2025-07-30 04:30:00,5.18,5.18,5.18,93.65,75.09,32.5,87.57,78.2,95.42,70.72,11.71,5.18,10.18,70.72,10.18,10.18,22.2,5.18,5.18,5.18,5.18
2025-07-30 04:45:00,5.08,5.08,5.08,94.48,85.15,32.55,92.87,87.5,95.45,70.9,7.21,5.08,10.15,70.9,10.15,10.15,22.2,5.08,5.08,5.08,5.08
2025-07-30 05:00:00,0.18,18.3,18.3,84.09,78.79,26.53,78.79,78.79,96.74,72.12,18.3,0.18,6.03,72.12,3.89,0.18,8.01,0.18,0.18,0.18,18.3
2025-07-30 05:15:00,0.72,1.01,1.01,95.0,82.13,34.88,86.52,82.13,95.45,69.07,1.01,0.72,17.53,69.08,10.47,0.72,17.53,0.72,0.72,0.72,1.01
2025-07-30 05:30:00,10.88,15.26,15.26,97.2,89.08,38.68,99.41,89.08,99.41,72.31,15.26,10.88,14.79,72.31,10.88,10.88,14.79,10.88,10.88,10.88,15.26
2025-07-30 05:45:00,10.76,17.53,17.53,102.81,100.6,40.68,105.0,100.6,105.0,65.29,17.53,10.76,17.53,65.29,10.76,10.76,17.53,10.76,10.76,17.53,17.53
2025-07-30 06:00:00,36.79,36.79,36.79,90.69,86.79,40.0,78.77,90.3,95.37,66.0,36.79,8.96,66.0,66.0,8.96,8.96,16.01,8.96,8.96,14.4,36.79
2025-07-30 06:15:00,39.09,39.09,39.09,103.18,98.81,40.92,98.81,98.12,102.11,69.0,39.09,11.79,69.0,69.0,10.28,10.28,16.01,10.28,10.28,18.0,39.09
2025-07-30 06:30:00,55.64,55.64,55.64,105.04,96.12,45.51,104.15,96.5,104.01,73.91,55.64,42.82,73.91,73.91,10.41,10.41,16.01,10.41,10.41,42.82,55.64
2025-07-30 06:45:00,53.0,53.0,53.0,105.04,94.28,57.92,104.97,111.0,104.0,74.14,53.0,53.0,74.14,74.14,11.36,11.36,16.01,11.36,11.36,53.0,53.0
2025-07-30 07:00:00,95.02,95.02,95.02,100.34,103.91,77.96,104.21,100.0,101.49,77.99,48.19,30.42,71.76,77.99,0.69,0.69,22.01,0.69,0.69,30.42,48.19
2025-07-30 07:15:00,101.72,101.72,101.72,100.3,101.02,84.9,104.11,101.4,104.11,78.07,55.49,45.45,71.81,78.07,0.74,0.74,22.01,3.38,3.38,45.45,55.49
2025-07-30 07:30:00,48.71,52.47,52.47,97.45,86.34,86.34,97.45,105.16,97.45,78.1,52.47,48.71,71.87,78.1,1.1,1.1,22.01,3.38,3.38,48.71,52.47
2025-07-30 07:45:00,46.22,48.01,48.01,88.9,80.73,80.73,88.9,125.0,92.0,88.9,48.01,46.22,62.26,62.26,2.4,2.4,22.01,19.63,19.63,46.22,48.01
2025-07-30 08:00:00,45.0,91.66,91.66,101.72,120.6,90.62,118.31,125.0,101.72,91.66,91.66,45.0,67.47,118.31,10.27,10.27,23.0,10.27,10.27,32.24,91.66
2025-07-30 08:15:00,47.3,97.61,97.61,97.61,103.98,84.28,103.98,103.98,97.61,103.98,103.98,47.3,81.05,103.98,10.47,10.47,23.0,10.47,10.47,40.19,97.61
2025-07-30 08:30:00,38.1,38.1,38.1,77.95,84.95,48.98,84.95,84.95,77.95,84.95,84.95,38.1,79.62,84.95,10.48,10.48,23.0,10.48,10.48,38.1,38.1
2025-07-30 08:45:00,29.31,29.31,29.31,64.93,74.46,21.88,74.46,74.46,73.22,74.46,74.46,29.31,74.46,74.46,10.56,10.56,23.0,17.74,17.74,29.31,29.31
2025-07-30 09:00:00,31.21,86.09,86.09,94.97,101.05,70.53,100.0,100.0,94.97,100.0,86.09,31.21,78.47,100.0,10.56,10.56,21.44,26.96,26.96,31.49,86.09
2025-07-30 09:15:00,28.16,81.71,81.71,80.19,83.05,48.94,83.05,83.05,81.71,83.05,81.71,28.16,78.47,83.05,10.56,10.56,21.44,26.96,26.96,32.19,81.71
2025-07-30 09:30:00,26.59,26.59,26.59,52.46,76.92,19.11,76.92,76.92,55.78,76.92,26.59,26.59,76.92,76.92,10.56,10.56,21.44,26.59,26.59,26.59,26.59
2025-07-30 09:45:00,20.77,20.77,20.77,31.88,55.9,9.65,63.03,80.0,55.54,63.03,20.77,20.77,63.03,63.03,10.31,10.31,21.44,20.77,20.77,20.77,20.77
2025-07-30 10:00:00,45.59,45.59,45.59,65.51,82.2,52.95,79.54,79.54,65.51,79.54,45.59,45.59,52.41,79.54,5.9,3.89,27.18,27.68,27.68,27.68,45.59
2025-07-30 10:15:00,27.34,27.34,27.34,55.08,67.98,37.87,67.98,67.98,58.59,67.98,27.34,27.34,52.41,67.98,10.15,3.89,27.18,27.34,27.34,27.34,27.34
2025-07-30 10:30:00,23.1,23.1,23.1,36.08,65.0,29.07,65.0,65.0,48.29,65.0,23.1,23.1,52.41,65.0,10.15,3.69,27.18,23.1,23.1,23.1,23.1
2025-07-30 10:45:00,6.07,6.07,6.07,20.34,42.2,20.5,47.88,47.88,48.27,47.88,6.07,6.07,47.88,47.88,6.07,3.74,27.18,6.07,6.07,6.07,6.07
2025-07-30 11:00:00,50.01,50.01,50.01,50.01,62.61,44.09,67.56,67.56,50.01,67.56,50.01,50.01,67.56,67.56,10.34,14.79,24.43,14.79,14.79,50.01,50.01
2025-07-30 11:15:00,44.39,44.39,44.39,44.39,51.0,39.82,58.13,58.13,44.39,58.13,44.39,44.39,58.13,58.13,10.59,10.59,24.43,10.59,10.59,44.39,44.39
2025-07-30 11:30:00,35.65,35.65,35.65,31.76,39.83,39.83,40.71,39.4,35.65,39.4,35.65,35.65,53.61,53.61,10.84,10.84,24.43,10.84,10.84,35.65,35.65
2025-07-30 11:45:00,27.21,27.21,27.21,9.72,27.21,27.21,27.21,27.21,34.69,27.21,27.21,27.21,53.61,53.61,11.17,11.17,24.43,11.17,11.17,27.21,27.21
2025-07-30 12:00:00,44.71,44.71,44.71,37.31,44.71,25.05,44.71,44.71,44.71,44.71,44.71,44.71,44.71,44.71,16.53,28.85,16.53,44.71,44.71,44.71,44.71
2025-07-30 12:15:00,25.79,25.79,25.79,23.91,25.79,25.71,25.79,25.79,25.79,25.79,25.79,25.79,25.79,25.79,16.83,25.79,16.83,25.79,25.79,25.79,25.79
2025-07-30 12:30:00,21.4,21.4,21.4,20.63,21.4,21.4,21.4,21.4,21.4,21.4,21.4,21.4,23.3,23.3,16.88,21.4,16.88,21.4,21.4,21.4,21.4
2025-07-30 12:45:00,15.0,15.0,15.0,11.03,15.0,15.0,15.0,15.0,33.68,15.0,15.0,15.0,23.1,23.1,15.0,15.0,15.0,15.0,15.0,15.0,15.0
2025-07-30 13:00:00,29.29,29.29,29.29,23.43,29.29,29.29,29.29,29.29,29.29,29.29,29.29,29.29,29.29,29.29,11.5,11.5,20.52,29.29,29.29,29.29,29.29
2025-07-30 13:15:00,21.05,21.05,21.05,17.68,21.05,21.05,21.05,21.05,21.05,21.05,21.05,21.05,21.05,21.05,11.9,11.9,20.52,21.05,21.05,21.05,21.05
2025-07-30 13:30:00,18.35,18.35,18.35,17.68,18.35,18.35,18.35,18.35,18.35,18.35,18.35,18.35,19.29,19.29,12.2,12.2,19.29,18.35,18.35,18.35,18.35
2025-07-30 13:45:00,10.11,10.11,10.11,10.11,10.11,10.11,10.11,10.11,14.94,10.11,10.11,10.11,19.29,19.29,11.24,10.11,19.29,10.11,10.11,10.11,10.11
2025-07-30 14:00:00,13.78,13.78,13.78,-2.04,13.78,13.78,13.78,13.78,30.11,13.78,13.78,13.78,28.28,28.28,10.2,10.2,24.48,13.78,13.78,13.78,13.78
2025-07-30 14:15:00,17.41,17.41,17.41,0.2,13.88,13.88,13.88,13.88,41.22,13.88,13.88,17.41,28.28,28.28,11.0,11.0,24.48,13.88,13.88,13.88,13.88
2025-07-30 14:30:00,24.11,24.11,24.11,14.3,14.96,14.96,14.96,14.96,47.33,14.96,14.96,24.11,28.28,28.28,14.96,14.96,24.48,14.96,14.96,14.96,14.96
2025-07-30 14:45:00,33.07,33.07,33.07,16.19,16.19,16.19,16.19,16.19,46.55,16.19,16.19,33.07,28.28,28.28,16.09,16.09,24.48,16.19,16.19,16.19,16.19
2025-07-30 15:00:00,19.8,19.8,19.8,5.57,19.31,19.31,19.8,19.31,39.73,19.8,19.8,19.8,19.8,19.8,7.95,7.95,19.8,19.8,19.8,19.8,19.8
2025-07-30 15:15:00,25.52,25.52,25.52,19.21,19.31,19.31,25.52,19.31,39.73,25.52,25.52,25.52,25.52,25.52,8.7,8.7,24.41,25.52,25.52,25.52,25.52
2025-07-30 15:30:00,33.14,33.14,33.14,26.58,28.4,20.11,33.14,28.4,39.75,33.14,33.14,33.14,33.14,33.14,12.42,12.42,24.41,33.14,33.14,33.14,33.14
2025-07-30 15:45:00,44.13,44.13,44.13,40.59,44.13,19.31,44.13,44.13,44.13,44.13,44.13,44.13,44.13,44.13,13.28,13.28,24.41,44.13,44.13,44.13,44.13
2025-07-30 16:00:00,6.79,6.79,6.79,15.01,7.98,7.98,23.92,7.98,94.59,23.92,6.79,6.79,23.92,23.92,6.79,1.5,23.92,6.79,6.79,6.79,6.79
2025-07-30 16:15:00,40.05,40.05,40.05,32.88,19.0,9.5,40.05,23.69,55.79,40.05,40.05,40.05,40.05,40.05,7.5,2.1,24.67,13.11,13.11,40.05,40.05
2025-07-30 16:30:00,54.59,54.59,54.59,56.1,50.3,16.2,54.59,50.3,62.29,54.59,54.59,54.59,54.59,54.59,8.79,2.84,24.67,16.36,16.36,54.59,54.59
2025-07-30 16:45:00,61.91,61.91,61.91,80.8,61.91,25.92,61.91,61.91,84.23,61.91,61.91,61.91,61.91,61.91,9.9,9.9,24.67,34.66,34.66,61.91,61.91
2025-07-30 17:00:00,9.67,9.67,9.67,45.0,39.0,7.98,45.75,45.75,83.25,45.75,45.75,9.67,45.75,45.75,9.67,9.67,24.91,9.67,9.67,9.67,9.67
2025-07-30 17:15:00,31.06,31.06,31.06,68.3,44.03,18.08,65.07,65.07,75.7,65.07,65.07,31.06,65.07,65.07,16.02,16.02,24.91,16.02,16.02,31.06,31.06
2025-07-30 17:30:00,77.05,77.05,77.05,94.96,77.05,31.2,77.05,77.05,83.84,77.05,77.05,77.05,77.05,77.05,16.2,16.2,24.91,16.2,16.2,65.26,77.05
2025-07-30 17:45:00,90.2,90.2,90.2,103.33,94.0,47.15,94.96,90.2,96.29,90.2,90.2,90.2,79.25,94.96,16.34,16.34,24.91,16.34,16.34,75.05,90.2
2025-07-30 18:00:00,9.05,9.05,9.05,64.97,52.0,26.22,67.53,67.53,97.81,67.53,67.53,9.05,62.77,62.77,10.85,9.05,24.88,9.05,9.05,9.05,9.05
2025-07-30 18:15:00,28.76,28.76,28.76,82.98,60.69,30.3,78.01,72.95,103.9,72.95,72.95,28.76,72.95,72.95,13.1,13.1,24.88,13.1,13.1,28.76,28.76
2025-07-30 18:30:00,58.39,58.39,58.39,103.64,98.3,45.89,98.3,98.3,117.01,98.3,98.3,58.39,81.35,98.3,13.11,13.11,24.88,13.11,13.11,53.64,58.39
2025-07-30 18:45:00,101.21,101.21,101.21,105.1,113.21,65.65,113.94,101.21,128.37,101.21,101.21,101.21,82.78,113.94,22.85,22.85,24.88,22.85,22.85,69.13,101.21
2025-07-30 19:00:00,36.01,36.01,36.01,95.0,76.33,39.52,76.33,76.33,145.9,76.33,76.33,36.01,63.61,63.61,11.46,11.46,25.71,11.46,11.46,36.01,36.01
2025-07-30 19:15:00,61.3,61.3,61.3,101.93,84.0,59.95,86.32,84.0,145.97,84.0,84.0,61.3,70.46,84.0,11.9,11.9,25.71,11.9,11.9,61.3,61.3
2025-07-30 19:30:00,100.1,100.1,100.1,105.06,100.1,91.27,104.05,100.1,157.04,100.1,100.1,100.1,70.46,100.1,12.0,12.0,25.71,12.0,12.0,63.17,100.1
2025-07-30 19:45:00,111.06,111.06,111.06,107.38,116.89,99.67,116.89,116.89,158.83,116.89,116.89,111.06,70.45,116.89,12.1,12.1,25.71,12.1,12.1,70.41,111.06
2025-07-30 20:00:00,65.81,65.81,65.81,126.58,102.01,42.13,102.01,102.01,183.31,95.4,74.31,65.81,75.5,75.5,25.33,25.33,25.33,25.33,25.33,65.16,65.81
2025-07-30 20:15:00,67.71,67.71,67.71,120.46,109.3,76.05,106.04,109.3,189.86,106.04,70.5,67.71,72.24,76.4,25.32,25.32,25.32,25.32,25.32,66.31,67.71
2025-07-30 20:30:00,67.31,67.31,67.31,119.94,119.14,90.19,108.16,125.6,190.28,108.16,67.31,67.31,72.2,75.6,25.32,25.32,25.32,25.32,25.32,61.31,67.31
2025-07-30 20:45:00,66.01,66.01,66.01,117.95,137.29,98.83,106.67,137.29,190.44,106.67,66.01,66.01,72.17,80.5,12.6,12.6,25.13,12.6,12.6,56.0,66.01
2025-07-30 21:00:00,81.99,81.99,81.99,145.16,127.5,98.1,115.43,131.06,166.73,114.52,81.99,81.99,70.63,74.09,12.4,12.4,18.72,12.4,12.4,68.92,81.99
2025-07-30 21:15:00,62.89,62.89,62.89,124.96,111.0,99.8,109.0,113.4,155.01,107.0,62.89,62.89,70.62,73.09,13.1,13.1,18.72,13.1,13.1,47.3,62.89
2025-07-30 21:30:00,62.4,62.4,62.4,115.78,109.4,99.8,103.02,109.4,148.18,103.02,62.4,62.4,70.62,72.69,11.41,11.41,18.72,11.41,11.41,39.29,62.4
2025-07-30 21:45:00,54.5,54.5,54.5,100.44,110.1,96.82,95.45,110.1,125.95,95.45,54.5,54.5,70.6,70.79,9.9,9.9,18.72,9.9,9.9,21.58,54.5
2025-07-30 22:00:00,63.61,63.61,63.61,114.23,109.4,104.37,109.4,109.4,118.26,109.4,63.61,63.61,64.73,74.99,16.42,15.77,17.92,17.71,17.71,58.12,63.61
2025-07-30 22:15:00,49.04,49.04,49.04,105.05,102.0,102.0,102.0,102.0,115.14,102.0,49.04,49.04,52.49,72.99,16.36,3.14,17.92,16.36,16.36,49.04,49.04
2025-07-30 22:30:00,41.1,41.1,41.1,102.34,99.6,99.6,99.6,99.6,107.05,99.6,41.1,41.1,51.6,71.19,12.1,2.99,17.92,13.11,13.11,41.1,41.1
2025-07-30 22:45:00,10.69,10.69,10.69,91.08,95.47,95.47,85.0,95.47,103.52,85.0,10.69,10.69,51.93,68.79,10.69,2.3,17.92,10.69,10.69,10.69,10.69
2025-07-30 23:00:00,45.66,66.99,66.99,105.09,116.8,95.42,103.81,116.8,108.0,101.5,66.99,45.66,52.17,73.99,13.36,-2.2,17.31,27.32,27.32,45.66,66.99
2025-07-30 23:15:00,30.04,48.99,48.99,103.51,98.1,92.18,92.4,98.1,104.75,91.5,48.99,30.04,49.78,71.99,13.36,-2.2,17.31,26.1,26.1,30.04,48.99
2025-07-30 23:30:00,11.49,11.49,11.49,91.05,88.7,88.0,88.0,88.7,98.49,79.5,11.49,11.49,49.78,69.09,11.49,-2.25,17.31,11.49,11.49,11.49,11.49
2025-07-30 23:45:00,-19.69,-19.69,-19.69,74.49,76.7,76.7,76.7,76.7,98.16,73.65,10.4,10.4,48.35,66.29,10.4,-1.21,17.31,10.4,10.4,10.4,10.4
2025-07-31 00:00:00,15.7,45.03,45.03,105.0,99.6,97.4,99.6,108.5,105.36,99.6,45.03,15.7,28.26,74.99,11.3,-2.4,28.26,11.3,11.3,15.7,45.03
2025-07-31 00:15:00,13.8,30.0,30.0,93.0,91.28,91.2,91.28,99.0,102.77,91.28,30.0,13.8,28.26,73.49,11.49,-2.4,28.26,11.49,11.49,13.8,30.0
2025-07-31 00:30:00,12.74,12.74,12.74,79.36,157.93,89.0,85.82,85.5,100.44,85.82,12.74,12.74,28.26,71.89,11.3,-2.4,28.26,11.3,11.3,12.74,12.74
2025-07-31 00:45:00,12.74,12.74,12.74,77.1,89.6,83.0,81.88,70.1,99.76,81.88,12.74,12.74,28.26,70.79,11.49,-2.4,28.26,12.74,12.74,12.74,12.74
2025-07-31 01:00:00,26.5,26.5,26.5,95.09,93.2,87.1,89.92,97.5,101.99,89.92,26.5,26.5,26.5,71.59,12.39,0.25,28.54,0.25,0.25,26.5,26.5
2025-07-31 01:15:00,12.75,12.75,12.75,87.53,84.99,83.66,84.99,90.71,99.52,84.99,12.75,12.75,12.75,71.29,12.19,0.33,28.54,0.33,0.33,12.75,12.75
2025-07-31 01:30:00,12.74,12.74,12.74,80.02,83.69,77.47,83.69,82.5,99.28,83.69,12.74,12.74,12.74,70.49,11.99,0.45,28.54,0.45,0.45,12.74,12.74
2025-07-31 01:45:00,10.9,10.9,10.9,63.4,78.07,77.37,78.07,70.03,97.35,78.07,10.9,10.9,10.9,68.79,10.9,0.57,28.54,0.57,0.57,10.9,10.9
2025-07-31 02:00:00,11.2,11.2,11.2,91.82,84.03,79.07,84.03,91.0,96.72,84.03,11.2,11.2,11.2,84.03,11.2,5.35,26.85,11.2,11.2,11.2,11.2
2025-07-31 02:15:00,11.1,11.1,11.1,79.5,80.06,76.59,80.06,81.0,97.34,80.06,11.1,11.1,11.1,80.06,11.1,5.35,26.85,11.1,11.1,11.1,11.1
2025-07-31 02:30:00,11.09,11.09,11.09,78.46,79.25,71.17,79.25,79.0,97.33,79.25,11.09,11.09,11.09,79.25,11.09,5.35,26.85,11.09,11.09,11.09,11.09
2025-07-31 02:45:00,9.16,9.16,9.16,73.39,74.07,71.04,74.07,78.0,97.33,74.07,9.16,9.16,10.69,74.07,10.69,5.35,26.85,9.16,9.16,9.16,9.16
2025-07-31 03:00:00,10.5,10.5,10.5,82.73,81.51,67.38,81.51,84.27,97.34,81.51,31.28,10.5,10.5,81.51,10.5,4.29,26.58,10.5,10.5,10.5,10.5
2025-07-31 03:15:00,10.6,10.6,10.6,77.52,79.26,63.46,79.26,80.5,97.35,79.26,31.28,10.6,10.6,79.26,10.6,4.39,26.58,10.6,10.6,10.6,10.6
2025-07-31 03:30:00,10.39,10.39,10.39,75.38,79.47,60.38,79.47,79.5,97.34,79.47,37.28,10.39,10.39,79.47,10.39,3.99,26.58,10.39,10.39,10.39,10.39
2025-07-31 03:45:00,9.13,9.13,9.13,74.24,78.85,58.38,78.85,81.5,97.34,78.85,39.28,9.13,9.99,78.85,9.99,4.09,26.58,9.13,9.13,9.13,9.13
2025-07-31 04:00:00,11.19,11.19,11.19,72.73,76.2,59.75,75.62,69.02,96.11,75.62,56.22,11.19,11.19,75.62,11.19,4.12,26.58,11.19,11.19,11.19,11.19
2025-07-31 04:15:00,9.91,9.91,9.91,73.4,78.2,58.79,80.3,71.34,95.87,80.3,66.22,9.91,9.91,80.3,9.91,3.69,26.58,9.91,9.91,9.91,9.91
2025-07-31 04:30:00,8.5,8.5,8.5,79.57,78.2,57.75,83.1,78.5,96.1,83.1,74.22,8.5,9.4,83.1,9.4,3.39,26.58,8.5,8.5,8.5,8.5
2025-07-31 04:45:00,2.89,2.89,2.89,87.22,76.2,57.75,87.94,96.7,96.2,86.19,78.09,2.89,8.9,86.19,8.9,2.89,26.58,2.89,2.89,2.89,2.89
2025-07-31 05:00:00,2.06,47.66,47.66,59.8,76.89,58.41,76.89,70.53,96.87,76.89,76.89,2.06,9.69,68.79,9.69,2.06,27.0,2.06,2.06,2.06,47.66
2025-07-31 05:15:00,2.05,2.05,2.05,73.63,82.5,59.21,83.03,83.2,95.92,83.03,83.03,2.05,9.69,69.09,9.69,2.05,27.0,2.05,2.05,2.05,2.05
2025-07-31 05:30:00,2.05,44.45,44.45,88.62,88.62,63.28,88.62,95.0,97.33,88.62,88.62,2.05,9.69,69.09,9.69,2.05,27.0,2.05,2.05,2.05,44.45
2025-07-31 05:45:00,2.06,50.24,50.24,97.95,103.41,72.39,103.41,112.0,99.51,103.41,103.41,2.06,9.89,69.79,9.89,2.06,27.0,2.06,2.06,2.06,50.24
2025-07-31 06:00:00,9.59,18.49,18.49,65.0,83.7,78.47,83.7,86.0,101.32,83.7,83.7,9.59,15.75,67.68,9.59,-2.4,13.16,9.59,9.59,9.59,18.49
2025-07-31 06:15:00,10.89,18.49,18.49,92.25,96.4,82.51,96.4,105.0,105.57,96.4,96.4,10.89,15.75,68.29,10.59,-2.4,13.16,10.59,10.59,10.89,18.49
2025-07-31 06:30:00,13.9,13.9,13.9,101.29,104.84,88.74,104.84,112.5,105.6,104.84,104.84,13.9,15.75,70.24,11.99,-2.4,13.16,11.99,11.99,13.9,13.9
2025-07-31 06:45:00,38.5,55.78,55.78,105.01,111.83,92.09,111.83,122.1,105.65,111.83,111.83,38.5,38.5,73.79,13.16,-2.4,13.16,13.16,13.16,38.5,55.78
2025-07-31 07:00:00,23.19,57.81,57.81,96.21,104.0,97.46,104.0,102.6,100.89,104.0,104.0,23.19,57.7,65.89,6.19,4.79,27.01,6.19,6.19,51.6,57.81
2025-07-31 07:15:00,33.03,74.07,74.07,98.3,105.72,100.36,105.72,105.61,100.19,105.72,105.72,33.03,59.7,65.94,8.29,4.79,27.01,8.29,8.29,51.0,74.07
2025-07-31 07:30:00,9.09,56.39,56.39,96.36,103.65,100.36,103.65,100.5,99.92,103.65,103.65,9.09,62.84,66.78,9.09,4.79,27.01,9.09,9.09,46.7,56.39
2025-07-31 07:45:00,45.43,52.29,52.29,90.05,99.36,99.36,99.36,90.5,97.34,99.36,99.36,45.43,62.95,66.78,9.99,4.79,27.01,9.99,9.99,45.43,52.29
2025-07-31 08:00:00,50.0,81.0,81.0,99.96,124.9,104.85,117.09,130.9,102.0,117.09,117.09,50.0,66.89,66.89,8.0,4.14,26.58,8.0,8.0,50.0,81.0
2025-07-31 08:15:00,50.69,59.6,59.6,92.75,104.1,97.07,103.74,106.3,99.33,103.74,103.74,50.69,67.59,67.59,9.3,4.14,26.58,9.3,9.3,50.69,59.6
2025-07-31 08:30:00,50.0,61.89,61.89,74.82,93.09,86.55,93.09,86.3,78.3,93.09,93.09,50.0,67.5,67.5,11.27,4.14,26.58,11.27,11.27,50.0,61.89
2025-07-31 08:45:00,50.8,59.89,59.89,62.18,81.33,50.01,81.33,72.6,75.29,81.33,81.33,50.8,67.21,67.21,11.29,4.14,26.58,11.29,11.29,50.8,59.89
2025-07-31 09:00:00,40.27,99.67,99.67,97.94,121.21,84.79,108.8,135.89,99.67,108.8,108.8,40.27,64.85,108.8,8.9,4.3,25.88,8.9,8.9,40.27,99.67
2025-07-31 09:15:00,38.89,55.8,55.8,84.44,114.78,53.82,98.48,110.0,97.35,98.48,98.48,38.89,64.94,98.48,8.9,3.8,25.88,8.9,8.9,38.89,55.8
2025-07-31 09:30:00,31.07,31.07,31.07,63.71,84.21,35.33,84.21,87.8,82.52,84.21,84.21,31.07,64.94,84.21,8.5,3.3,25.88,8.5,8.5,31.07,31.07
2025-07-31 09:45:00,31.05,31.05,31.05,35.79,72.91,20.05,72.91,64.9,72.61,72.91,72.91,31.05,64.94,72.91,10.77,2.29,25.88,10.77,10.77,31.05,31.05
2025-07-31 10:00:00,89.17,89.17,89.17,89.17,124.11,42.47,91.02,112.82,89.17,91.02,91.02,89.17,58.94,91.02,10.95,4.39,26.47,10.8,10.8,31.09,89.17
2025-07-31 10:15:00,74.2,74.2,74.2,72.64,110.7,35.45,79.25,91.0,74.2,79.25,79.25,74.2,58.94,79.25,10.91,4.25,26.47,10.8,10.8,20.11,74.2
2025-07-31 10:30:00,31.2,31.2,31.2,57.49,68.89,30.01,76.97,71.2,57.49,76.97,76.97,31.2,58.94,76.97,10.97,3.59,26.47,9.57,9.57,18.72,31.2
2025-07-31 10:45:00,22.07,22.07,22.07,41.63,47.0,30.01,69.55,48.2,57.03,69.55,69.55,22.07,58.94,68.85,10.97,1.85,26.47,4.74,4.74,13.03,22.07
2025-07-31 11:00:00,49.99,73.95,73.95,73.95,117.76,24.22,77.46,97.9,73.95,77.46,77.46,49.99,55.99,78.16,13.63,4.22,26.57,4.22,4.22,28.1,73.95
2025-07-31 11:15:00,49.99,65.54,65.54,69.56,105.88,23.92,70.04,75.0,70.58,70.04,70.04,49.99,55.99,70.04,13.63,4.1,26.57,4.1,4.1,18.9,65.54
2025-07-31 11:30:00,35.06,35.06,35.06,58.17,63.9,21.81,61.09,57.1,70.0,61.09,61.09,35.06,55.99,61.09,13.62,3.99,26.57,3.99,3.99,16.41,35.06
2025-07-31 11:45:00,35.04,35.04,35.04,36.02,50.3,23.92,57.04,38.8,72.5,57.04,57.04,35.04,55.99,57.04,13.6,1.8,26.57,1.8,1.8,2.55,35.04
2025-07-31 12:00:00,22.52,22.52,22.52,61.57,110.0,30.41,79.53,85.6,61.57,79.53,79.53,22.52,41.29,79.53,11.4,4.4,26.58,4.4,4.4,19.79,22.52
2025-07-31 12:15:00,15.19,15.19,15.19,53.98,91.21,30.18,70.01,58.5,58.83,70.01,70.01,15.19,41.29,70.01,11.3,3.6,26.58,3.6,3.6,15.19,15.19
2025-07-31 12:30:00,11.43,11.43,11.43,48.31,65.2,32.01,49.77,47.9,61.58,49.77,49.77,11.43,41.29,49.77,11.28,3.62,26.58,3.62,3.62,3.62,11.43
2025-07-31 12:45:00,5.03,5.03,5.03,29.74,56.79,31.01,43.48,40.0,66.74,43.48,43.48,5.03,41.29,43.48,11.26,3.54,26.58,3.54,3.54,3.54,5.03
2025-07-31 13:00:00,16.99,16.99,16.99,49.19,64.08,24.6,64.08,64.7,64.08,64.08,64.08,16.99,37.29,64.08,10.93,4.56,26.57,5.7,5.7,13.2,16.99
2025-07-31 13:15:00,17.79,17.79,17.79,38.45,48.04,24.5,48.04,44.27,63.08,48.04,48.04,17.79,37.29,48.04,10.92,4.61,26.57,4.61,4.61,7.54,17.79
2025-07-31 13:30:00,30.1,30.1,30.1,35.42,41.27,24.5,41.27,37.6,61.49,41.27,41.27,30.1,37.29,41.27,10.93,5.09,26.57,5.09,5.09,28.61,30.1
2025-07-31 13:45:00,31.49,31.49,31.49,20.94,33.05,23.8,33.05,23.55,55.02,33.05,33.05,31.49,33.05,33.05,11.54,4.89,26.57,4.89,4.89,28.58,31.49
2025-07-31 14:00:00,27.6,27.6,27.6,2.09,35.05,28.26,35.05,35.0,94.99,35.05,35.05,27.6,35.05,35.05,11.34,2.2,25.11,2.2,2.2,27.6,27.6
2025-07-31 14:15:00,5.89,5.89,5.89,20.63,36.1,28.26,36.1,27.4,80.92,36.1,36.1,5.89,36.1,36.1,11.31,1.39,25.11,1.39,1.39,5.89,5.89
2025-07-31 14:30:00,11.44,11.44,11.44,33.94,40.56,34.0,40.56,31.11,81.34,40.56,40.56,11.44,38.49,40.56,11.28,1.4,25.11,1.4,1.4,6.09,11.44
2025-07-31 14:45:00,16.99,16.99,16.99,38.62,42.39,33.26,42.39,30.49,82.91,42.39,42.39,16.99,38.49,42.39,11.31,1.5,25.11,1.5,1.5,16.19,16.99
2025-07-31 15:00:00,11.44,11.44,11.44,30.31,43.2,28.5,43.2,36.6,95.67,43.2,43.2,11.44,43.2,43.2,11.38,0.76,25.28,0.76,0.76,5.08,11.44
2025-07-31 15:15:00,17.09,17.09,17.09,47.6,47.55,28.5,47.55,41.6,94.26,47.55,47.55,17.09,47.55,47.55,11.33,1.42,25.28,1.42,1.42,17.09,17.09
2025-07-31 15:30:00,32.29,32.29,32.29,61.02,55.55,28.5,55.55,51.6,94.92,55.55,55.55,32.29,49.39,55.55,11.38,1.46,25.28,1.46,1.46,19.69,32.29
2025-07-31 15:45:00,40.46,40.46,40.46,75.03,61.29,28.5,61.29,76.16,97.34,61.29,61.29,40.46,49.39,61.29,10.7,1.46,25.28,1.46,1.46,19.8,40.46
2025-07-31 16:00:00,0.57,8.07,8.07,50.48,46.2,25.0,56.0,36.0,97.34,56.0,56.0,0.57,56.0,56.0,12.45,0.57,25.11,0.57,0.57,8.07,8.07
2025-07-31 16:15:00,11.38,30.01,30.01,65.38,54.4,26.0,68.91,59.42,94.69,68.91,68.91,11.38,60.95,68.91,12.41,0.67,25.11,0.67,0.67,13.06,30.01
2025-07-31 16:30:00,44.89,79.09,79.09,88.64,76.75,30.0,79.09,76.28,97.34,79.09,79.09,44.89,60.95,79.09,12.37,0.69,25.11,0.69,0.69,29.9,79.09
2025-07-31 16:45:00,87.93,87.93,87.93,100.05,115.77,30.0,87.93,96.3,101.99,87.93,87.93,87.93,60.85,87.93,13.34,2.91,25.11,2.91,2.91,53.99,87.93
2025-07-31 17:00:00,18.03,18.03,18.03,56.9,62.4,27.1,68.6,46.0,89.6,68.6,68.6,8.0,68.6,68.6,5.99,0.95,26.13,2.34,2.34,18.03,18.03
2025-07-31 17:15:00,33.62,33.62,33.62,75.03,67.1,30.01,80.25,79.09,90.24,80.25,80.25,23.09,68.87,80.25,6.84,0.95,26.13,6.4,6.4,33.06,33.62
2025-07-31 17:30:00,95.85,95.85,95.85,101.41,92.34,42.13,95.85,95.69,97.34,95.85,95.85,58.31,68.87,95.85,7.2,0.95,26.13,6.4,6.4,47.23,95.85
2025-07-31 17:45:00,102.01,102.01,102.01,105.04,98.0,57.32,115.65,103.11,102.01,79.3,115.65,78.51,68.99,108.82,8.71,0.95,26.13,2.94,2.94,68.99,102.01
2025-07-31 18:00:00,40.02,40.02,40.02,62.66,72.0,15.29,83.15,65.0,93.65,83.15,83.15,9.92,61.55,61.55,9.92,4.27,26.69,9.92,9.92,40.02,40.02
2025-07-31 18:15:00,44.71,44.71,44.71,79.84,84.16,45.23,91.32,75.0,102.9,91.32,91.32,44.71,69.36,83.39,11.94,4.77,26.69,11.94,11.94,41.8,44.71
2025-07-31 18:30:00,100.1,100.1,100.1,101.3,77.3,77.3,107.94,107.98,115.09,107.94,107.94,49.99,69.44,95.5,11.94,4.77,26.69,11.94,11.94,49.6,100.1
2025-07-31 18:45:00,123.7,123.7,123.7,105.07,104.93,104.93,123.7,133.36,117.26,123.7,123.7,50.49,69.44,95.5,10.2,4.77,26.69,10.2,10.2,50.53,123.7
2025-07-31 19:00:00,72.44,72.44,72.44,96.92,91.3,40.01,91.3,56.17,115.09,91.3,91.3,44.49,65.89,65.89,10.29,3.3,26.57,10.29,10.29,65.89,65.89
2025-07-31 19:15:00,89.07,89.07,89.07,99.29,100.93,67.16,100.93,98.0,126.82,100.93,100.93,56.2,65.89,65.89,11.19,2.9,26.57,11.19,11.19,65.89,75.21
2025-07-31 19:30:00,129.65,129.65,129.65,115.01,120.5,95.56,120.5,127.39,137.91,120.5,120.5,61.8,66.0,66.0,11.69,1.9,26.57,11.69,11.69,66.0,120.5
2025-07-31 19:45:00,149.92,149.92,149.92,124.98,149.92,106.9,149.92,170.0,143.64,149.92,149.92,65.4,66.17,66.17,10.49,1.9,26.57,10.49,10.49,66.17,149.92
2025-07-31 20:00:00,154.55,154.55,154.55,119.39,126.1,79.56,126.1,105.1,154.55,126.1,126.1,73.07,73.07,73.07,11.65,4.06,25.21,11.65,11.65,73.07,89.26
2025-07-31 20:15:00,157.04,157.04,157.04,122.41,131.46,101.61,131.46,132.9,157.04,131.46,131.46,61.6,73.02,73.02,11.65,3.96,25.21,11.65,11.65,73.02,108.5
2025-07-31 20:30:00,188.0,188.0,188.0,121.33,136.3,111.67,136.3,145.0,156.5,136.3,136.3,16.96,72.96,72.96,11.65,1.86,25.21,11.65,11.65,72.96,136.3
2025-07-31 20:45:00,174.0,174.0,174.0,117.69,144.24,119.91,136.29,152.5,156.44,136.29,136.29,7.87,72.95,72.95,8.15,1.86,25.21,7.87,7.87,72.95,136.29
2025-07-31 21:00:00,85.79,85.79,85.79,137.49,145.06,109.46,145.06,132.5,147.0,145.06,145.06,49.99,70.55,72.99,11.49,1.0,25.1,1.0,1.0,66.0,85.79
2025-07-31 21:15:00,83.29,83.29,83.29,127.82,134.14,111.45,134.14,121.1,136.21,134.14,134.14,46.05,70.52,72.29,10.59,1.0,25.1,1.0,1.0,66.0,83.29
2025-07-31 21:30:00,83.29,83.29,83.29,111.75,125.7,109.45,118.7,117.6,132.96,118.7,118.7,38.5,70.49,71.89,7.64,1.0,25.1,1.0,1.0,66.0,83.29
2025-07-31 21:45:00,83.99,83.99,83.99,95.06,125.7,106.13,106.13,115.7,115.99,106.13,106.13,10.61,70.19,70.19,7.49,1.0,25.1,1.0,1.0,64.99,83.99
2025-07-31 22:00:00,105.02,105.02,105.02,130.58,135.0,109.22,135.0,139.5,132.84,135.0,135.0,11.16,68.34,72.5,11.16,4.19,25.0,11.16,11.16,48.77,105.02
2025-07-31 22:15:00,66.89,66.89,66.89,114.3,117.26,105.17,117.26,115.8,126.33,117.26,117.26,3.95,68.19,71.29,8.0,3.95,25.0,3.95,3.95,48.76,66.89
2025-07-31 22:30:00,48.76,48.76,48.76,101.57,109.7,102.28,104.11,114.8,118.63,104.11,104.11,0.7,68.16,68.99,7.74,0.7,25.0,0.7,0.7,48.76,48.76
2025-07-31 22:45:00,46.0,46.0,46.0,95.03,99.32,98.27,99.32,97.1,108.64,99.32,99.32,-3.01,68.01,68.01,7.19,-2.15,25.0,-3.01,-3.01,33.07,46.0
2025-07-31 23:00:00,111.02,111.02,111.02,111.02,116.85,98.52,114.99,127.4,111.02,114.99,114.99,10.78,55.99,72.99,10.78,3.94,25.01,10.78,10.78,50.07,111.02
2025-07-31 23:15:00,104.93,104.93,104.93,104.45,104.93,93.33,104.93,107.0,104.93,104.93,104.93,0.8,55.99,70.99,7.8,0.8,25.01,0.8,0.8,39.0,104.93
2025-07-31 23:30:00,35.89,35.89,35.89,94.7,102.22,90.15,102.22,95.33,102.11,102.22,102.22,0.2,55.8,68.59,7.8,0.2,25.01,0.2,0.2,35.89,35.89
2025-07-31 23:45:00,77.96,77.96,77.96,83.4,93.68,82.25,93.68,87.41,96.01,93.68,90.5,-3.01,54.6,67.48,7.59,-3.01,25.01,-3.01,-3.01,8.08,16.03
2025-08-01 00:00:00,115.95,115.95,115.95,105.09,114.8,99.22,115.95,115.95,115.95,115.95,115.95,7.3,60.53,73.63,7.7,7.3,33.03,7.3,7.3,34.9,115.95
2025-08-01 00:15:00,109.0,109.0,109.0,105.06,109.0,97.22,109.0,109.0,109.0,109.0,109.0,5.9,60.53,72.3,5.9,5.9,33.03,5.9,5.9,28.9,109.0
2025-08-01 00:30:00,101.5,101.5,101.5,101.5,101.5,93.84,101.5,101.5,101.5,101.5,101.5,3.79,60.53,83.02,4.8,3.79,33.03,3.79,3.79,14.84,34.17
2025-08-01 00:45:00,93.24,93.24,93.24,93.24,93.24,90.01,93.24,93.24,93.24,93.24,93.24,3.79,60.53,83.02,4.72,3.79,33.03,3.79,3.79,3.79,30.01
2025-08-01 01:00:00,104.84,104.84,104.84,104.84,104.84,93.25,104.84,104.84,104.84,104.84,104.84,5.39,62.3,77.82,5.39,5.39,31.95,5.39,5.39,34.28,104.84
2025-08-01 01:15:00,99.7,99.7,99.7,99.7,99.7,90.47,99.7,99.7,99.7,99.7,99.7,3.5,62.3,82.03,5.19,3.5,31.95,3.5,3.5,26.69,99.7
2025-08-01 01:30:00,95.46,95.46,95.46,95.46,95.46,89.53,95.46,95.46,95.46,95.46,95.46,3.79,62.3,82.03,4.99,3.79,31.95,3.79,3.79,14.84,34.67
2025-08-01 01:45:00,89.09,89.09,89.09,89.09,89.09,84.43,89.09,89.09,89.09,89.09,89.09,3.79,62.3,82.03,4.75,3.79,31.95,3.79,3.79,3.79,31.9
2025-08-01 02:00:00,98.25,98.25,98.25,97.75,98.25,86.0,98.25,98.25,98.25,98.25,98.25,-3.0,65.26,80.91,4.14,2.95,32.57,-3.0,-3.0,25.1,98.25
2025-08-01 02:15:00,92.18,92.18,92.18,90.26,92.18,84.34,92.18,92.18,92.18,92.18,92.18,-2.49,65.26,80.95,4.19,2.95,32.57,-2.49,-2.49,25.59,92.18
2025-08-01 02:30:00,91.05,91.05,91.05,86.0,91.05,81.0,91.05,91.05,91.05,91.05,91.05,3.1,65.26,80.95,4.19,3.1,32.57,3.1,3.1,24.79,91.05
2025-08-01 02:45:00,38.0,38.0,38.0,85.99,88.99,78.0,88.99,88.99,88.99,88.99,88.99,3.79,65.26,80.95,3.84,3.79,32.57,3.79,3.79,14.36,38.0
2025-08-01 03:00:00,91.17,91.17,91.17,89.02,91.17,77.65,91.17,91.17,91.17,91.17,91.17,-3.01,62.04,77.05,3.49,2.95,32.45,-3.01,-3.01,23.4,91.17
2025-08-01 03:15:00,88.36,88.36,88.36,85.34,88.36,73.55,88.36,88.36,88.36,88.36,88.36,-3.0,62.04,77.05,3.54,2.95,32.45,-3.0,-3.0,23.6,88.36
2025-08-01 03:30:00,86.28,86.28,86.28,83.36,86.28,72.55,86.28,86.28,86.28,86.28,86.28,-3.0,62.04,77.05,3.44,2.95,32.45,-3.0,-3.0,23.69,86.28
2025-08-01 03:45:00,34.02,34.02,34.02,86.27,86.27,72.55,86.27,86.27,86.27,86.27,86.27,2.84,62.04,77.05,2.84,2.84,32.45,2.84,2.84,9.92,34.02
2025-08-01 04:00:00,88.21,88.21,88.21,82.6,88.21,64.98,88.21,88.21,88.21,88.21,88.21,-3.01,67.26,78.32,2.8,-2.45,31.67,-3.01,-3.01,24.0,88.21
2025-08-01 04:15:00,89.67,89.67,89.67,85.99,89.67,64.67,89.67,89.67,89.67,89.67,89.67,-3.0,67.26,78.32,2.71,-2.45,31.67,-3.0,-3.0,23.19,81.82
2025-08-01 04:30:00,95.01,95.01,95.01,91.72,95.01,64.0,95.01,95.01,95.01,95.01,95.01,0.15,67.26,76.95,2.8,0.15,31.67,0.15,0.15,23.69,69.82
2025-08-01 04:45:00,99.75,99.75,99.75,99.7,99.75,68.0,99.75,99.75,99.75,99.75,99.75,0.28,67.26,76.95,2.71,0.28,31.67,0.28,0.28,16.36,35.67
2025-08-01 05:00:00,87.66,87.66,87.66,78.9,87.66,63.6,87.66,87.66,87.66,87.66,87.66,-3.01,38.94,71.95,5.25,0.79,33.44,-3.01,-3.01,4.3,87.66
2025-08-01 05:15:00,95.08,95.08,95.08,91.27,95.08,73.6,95.08,95.08,95.08,95.08,95.08,-3.0,38.94,75.62,5.25,1.09,33.44,-3.0,-3.0,3.43,29.64
2025-08-01 05:30:00,103.96,103.96,103.96,103.96,103.96,76.99,103.96,103.96,103.96,103.96,103.96,1.5,38.94,75.65,5.25,1.5,33.44,1.5,1.5,2.84,2.84
2025-08-01 05:45:00,111.7,111.7,111.7,110.35,111.7,83.28,111.7,111.7,111.7,111.7,111.7,7.15,38.94,75.65,7.15,7.15,33.44,7.15,7.15,13.9,37.48
2025-08-01 06:00:00,92.03,92.03,92.03,92.03,92.03,75.14,92.03,92.03,92.03,92.03,92.03,-3.0,53.57,81.21,5.49,-2.86,31.79,-3.0,-3.0,15.38,59.95
2025-08-01 06:15:00,105.87,105.87,105.87,105.87,105.87,83.34,105.87,105.87,105.87,105.87,105.87,10.31,53.57,81.21,6.39,-2.7,31.79,10.31,10.31,16.98,69.16
2025-08-01 06:30:00,114.19,114.19,114.19,114.19,114.19,88.14,114.19,114.19,114.19,114.19,114.19,45.18,53.57,83.74,6.69,-2.7,31.79,11.33,11.33,23.99,70.12
2025-08-01 06:45:00,116.07,116.07,116.07,116.07,116.07,92.65,116.07,116.07,116.07,116.07,116.07,57.72,53.57,83.74,7.05,-2.7,31.79,23.5,23.5,25.7,73.51
2025-08-01 07:00:00,113.9,113.9,113.9,109.6,113.9,94.62,113.9,113.9,113.9,113.9,113.9,18.45,74.98,91.33,5.44,-2.5,35.39,12.89,12.89,28.37,81.16
2025-08-01 07:15:00,113.1,113.1,113.1,109.21,113.1,96.55,113.1,113.1,113.1,113.1,113.1,44.61,74.98,91.33,6.19,-2.5,35.39,25.37,25.37,40.09,93.33
2025-08-01 07:30:00,109.35,109.35,109.35,109.21,109.35,97.62,109.35,109.35,109.35,109.35,109.35,72.74,74.98,88.8,6.54,-2.5,35.39,25.37,25.37,44.99,91.95
2025-08-01 07:45:00,107.51,107.51,107.51,96.58,106.0,97.2,107.51,106.0,107.51,107.51,107.51,75.47,74.98,86.98,6.54,0.04,35.39,25.37,25.37,41.69,90.26
2025-08-01 08:00:00,120.6,120.6,120.6,118.0,128.57,106.14,127.07,128.57,120.6,127.07,127.07,39.9,88.58,103.98,7.99,-2.5,35.49,24.88,24.88,40.49,120.6
2025-08-01 08:15:00,115.17,115.17,115.17,109.69,116.59,100.0,116.59,116.59,115.17,116.59,116.59,60.19,88.58,101.45,8.74,-2.5,35.49,12.9,12.9,40.29,115.17
2025-08-01 08:30:00,100.03,100.03,100.03,95.05,103.86,93.83,103.86,103.86,100.03,103.86,103.86,94.84,88.58,93.05,8.79,-2.5,35.49,26.0,26.0,41.09,100.03
2025-08-01 08:45:00,61.01,61.01,61.01,84.78,90.64,86.0,90.64,90.64,89.43,90.64,90.64,38.1,87.4,90.64,8.54,-2.5,35.49,12.89,12.89,32.7,61.01
2025-08-01 09:00:00,103.76,103.76,103.76,103.76,124.59,89.83,124.59,124.59,103.76,124.59,124.59,41.86,76.01,89.04,14.5,1.69,33.49,14.5,14.5,31.79,103.76
2025-08-01 09:15:00,77.67,77.67,77.67,99.01,106.65,71.57,106.65,106.65,99.84,106.65,106.65,41.81,76.01,89.04,15.0,1.99,33.49,15.0,15.0,30.41,77.67
2025-08-01 09:30:00,54.01,54.01,54.01,76.2,90.7,50.0,90.7,90.7,90.7,90.7,90.7,41.81,76.01,89.04,14.2,1.89,33.49,15.44,15.44,27.8,54.01
2025-08-01 09:45:00,54.0,54.0,54.0,56.44,84.96,40.04,84.96,84.96,80.08,84.96,84.96,17.49,76.01,84.96,13.9,1.2,33.49,13.9,13.9,27.5,54.0
2025-08-01 10:00:00,38.64,80.01,80.01,79.11,113.99,47.36,113.99,113.99,80.01,113.99,113.99,38.64,82.77,113.99,5.5,5.2,33.49,5.5,5.5,24.2,80.01
2025-08-01 10:15:00,27.1,77.66,77.66,64.18,100.09,47.31,100.09,100.09,77.66,100.09,100.09,27.1,82.77,100.09,6.4,5.05,33.49,6.4,6.4,24.99,77.66
2025-08-01 10:30:00,5.5,69.83,69.83,50.04,84.03,40.81,94.43,94.43,69.83,94.43,94.43,5.5,81.58,94.43,5.5,3.7,33.49,5.5,5.5,27.49,69.83
2025-08-01 10:45:00,5.0,68.5,68.5,44.22,62.69,40.04,82.96,82.96,86.1,82.96,82.96,5.0,80.4,82.96,5.0,3.29,33.49,5.0,5.0,20.5,68.5
2025-08-01 11:00:00,37.94,77.88,77.88,72.56,112.84,36.63,112.84,112.84,77.88,112.84,112.84,37.94,79.13,95.9,6.7,5.19,27.2,6.7,6.7,24.39,77.88
2025-08-01 11:15:00,23.4,77.83,77.83,67.83,95.75,35.85,95.75,95.75,78.63,95.75,95.75,23.4,76.77,95.75,7.1,4.4,27.2,7.1,7.1,22.79,77.83
2025-08-01 11:30:00,6.9,61.5,61.5,47.47,75.3,35.58,82.81,82.81,79.4,82.81,82.81,6.9,75.59,82.81,6.9,4.3,27.2,6.9,6.9,22.99,61.5
2025-08-01 11:45:00,6.1,54.83,54.83,28.87,47.29,35.45,77.01,80.19,81.21,77.01,77.01,6.1,75.59,77.01,6.1,4.2,27.2,6.1,6.1,17.0,54.83
2025-08-01 12:00:00,78.47,78.47,78.47,68.5,84.07,33.42,92.98,89.8,78.47,92.98,92.98,12.79,77.75,92.98,6.1,1.91,32.54,12.79,12.79,20.89,78.47
2025-08-01 12:15:00,68.8,68.8,68.8,47.88,74.8,33.37,81.16,81.16,80.22,81.16,81.16,12.79,76.57,81.16,6.1,1.91,32.54,12.79,12.79,21.79,68.8
2025-08-01 12:30:00,72.48,72.48,72.48,47.88,38.84,33.42,75.57,75.57,88.99,75.57,75.57,12.79,75.39,75.57,5.6,1.96,32.54,12.79,12.79,20.99,72.48
2025-08-01 12:45:00,61.47,61.47,61.47,40.14,46.46,33.0,61.47,61.47,87.07,61.47,61.47,12.8,61.47,61.47,5.18,1.66,32.54,12.8,12.8,15.9,61.47
2025-08-01 13:00:00,72.06,72.06,72.06,72.06,61.79,29.56,86.49,86.49,95.75,86.49,86.49,13.43,58.99,86.49,6.74,1.77,33.94,13.43,13.43,16.89,72.06
2025-08-01 13:15:00,69.18,69.18,69.18,69.18,46.57,29.56,75.35,68.7,96.01,75.35,75.35,13.42,58.99,75.35,6.74,2.49,33.94,13.42,13.42,17.59,69.18
2025-08-01 13:30:00,63.39,63.39,63.39,63.39,41.8,27.57,63.39,59.8,96.08,63.39,63.39,13.35,58.99,63.39,6.74,5.12,33.94,13.35,13.35,17.39,63.39
2025-08-01 13:45:00,40.02,40.02,40.02,49.09,41.79,26.61,49.09,49.09,87.53,49.09,49.09,5.38,49.09,49.09,5.38,5.17,33.94,5.38,5.38,16.29,40.02
2025-08-01 14:00:00,68.87,68.87,68.87,41.77,42.3,24.7,68.87,55.1,95.73,68.87,68.87,5.94,50.44,68.87,5.94,1.66,34.43,5.94,5.94,14.39,68.87
2025-08-01 14:15:00,14.99,14.99,14.99,41.4,40.3,24.51,55.0,50.0,89.31,55.0,55.0,5.83,50.44,55.0,5.83,2.09,34.43,5.83,5.83,14.99,14.99
2025-08-01 14:30:00,16.7,16.7,16.7,50.5,40.3,24.94,50.5,47.5,95.96,50.5,50.5,5.7,50.44,50.5,5.7,5.11,34.43,5.7,5.7,15.29,16.7
2025-08-01 14:45:00,46.0,46.0,46.0,46.0,31.64,24.01,46.0,44.61,96.02,46.0,46.0,5.4,46.0,46.0,5.4,5.21,34.43,5.4,5.4,14.19,46.0
2025-08-01 15:00:00,8.03,8.03,8.03,44.54,33.9,18.43,44.54,43.35,97.03,44.54,44.54,6.3,44.54,44.54,6.3,5.28,32.99,6.3,6.3,8.03,8.03
2025-08-01 15:15:00,17.49,17.49,17.49,47.74,39.3,17.93,47.74,45.2,97.03,47.74,47.74,7.01,47.74,47.74,7.01,5.48,32.99,7.01,7.01,17.49,17.49
2025-08-01 15:30:00,65.76,65.76,65.76,65.76,43.6,16.43,65.76,50.0,67.51,65.76,65.76,6.86,49.68,65.76,6.86,5.68,32.99,6.86,6.86,17.59,65.76
2025-08-01 15:45:00,72.11,72.11,72.11,72.11,57.05,17.43,72.11,57.05,72.11,72.11,72.11,6.91,49.68,72.11,6.91,5.68,32.99,6.91,6.91,17.5,72.11
2025-08-01 16:00:00,21.04,21.04,21.04,53.84,35.3,12.42,53.84,53.84,89.17,53.84,53.84,11.26,53.84,53.84,11.26,11.26,28.08,11.26,11.26,21.04,21.04
2025-08-01 16:15:00,28.0,28.0,28.0,66.11,54.8,12.42,66.11,66.11,86.6,66.11,66.11,10.0,64.77,66.11,10.0,10.0,28.08,10.0,10.0,24.94,28.0
2025-08-01 16:30:00,80.47,80.47,80.47,84.06,74.7,17.42,80.47,79.0,84.06,80.47,80.47,9.99,64.77,80.47,9.99,9.99,28.08,9.99,9.99,29.2,80.47
2025-08-01 16:45:00,90.68,90.68,90.68,95.99,86.67,17.57,90.68,90.2,95.99,90.68,90.68,13.29,64.77,90.68,10.0,10.0,28.08,10.0,10.0,42.05,90.68
2025-08-01 17:00:00,95.71,95.71,95.71,53.97,46.13,22.06,66.7,66.7,95.71,66.7,66.7,18.74,65.99,66.7,18.74,1.49,28.37,18.74,18.74,18.74,28.85
2025-08-01 17:15:00,86.73,86.73,86.73,69.3,46.13,22.47,79.37,79.37,86.73,79.37,79.37,18.72,65.99,79.37,18.72,2.4,28.37,18.72,18.72,35.19,38.55
2025-08-01 17:30:00,99.62,99.62,99.62,87.2,68.46,27.67,99.46,99.46,99.62,99.46,99.46,27.67,65.99,99.46,18.76,2.9,28.37,27.67,27.67,47.25,99.46
2025-08-01 17:45:00,112.83,112.83,112.83,103.93,99.91,28.97,112.83,109.1,112.83,112.83,112.83,34.92,66.0,118.81,18.8,3.5,28.37,34.92,34.92,66.0,112.83
2025-08-01 18:00:00,98.3,98.3,98.3,72.4,42.0,31.31,80.78,70.1,98.3,80.78,80.78,3.7,66.93,74.8,12.6,3.7,28.15,3.7,3.7,53.01,53.01
2025-08-01 18:15:00,116.1,116.1,116.1,86.0,71.5,40.55,94.63,89.1,116.1,94.63,94.63,36.05,66.93,94.63,13.19,13.19,28.15,13.19,13.19,58.69,58.69
2025-08-01 18:30:00,121.46,121.46,121.46,104.02,91.5,45.3,108.51,99.46,121.46,108.51,108.51,48.41,66.93,99.46,14.2,13.29,28.15,13.29,13.29,59.11,108.51
2025-08-01 18:45:00,143.79,143.79,143.79,105.08,120.47,68.18,123.49,120.47,143.79,123.49,123.49,87.06,66.93,120.47,14.4,13.19,28.15,13.19,13.19,61.33,123.49
2025-08-01 19:00:00,134.54,134.54,134.54,94.34,62.1,45.12,89.51,89.51,134.54,89.51,89.51,46.79,74.55,89.51,17.9,0.53,28.37,0.53,0.53,64.35,89.51
2025-08-01 19:15:00,135.17,135.17,135.17,105.0,88.32,59.08,103.9,103.9,135.17,103.9,103.9,59.75,74.55,103.9,19.2,0.38,28.37,0.38,0.38,64.55,102.31
2025-08-01 19:30:00,156.0,156.0,156.0,105.1,115.39,80.47,115.39,115.39,156.0,115.39,115.39,65.64,74.55,115.39,19.1,0.18,28.37,0.18,0.18,67.86,115.39
2025-08-01 19:45:00,151.17,151.17,151.17,111.54,139.43,92.6,139.43,139.43,151.17,139.43,139.43,48.31,74.55,139.43,19.4,0.18,28.37,0.18,0.18,74.55,139.43
2025-08-01 20:00:00,153.11,153.11,153.11,114.64,82.39,69.79,112.18,104.6,153.11,112.18,112.18,13.31,79.11,86.59,15.2,13.31,28.35,13.31,13.31,56.41,96.95
2025-08-01 20:15:00,155.69,155.69,155.69,112.11,99.39,84.48,119.24,119.24,155.69,119.24,119.24,13.3,79.11,86.79,15.4,13.3,28.35,13.3,13.3,56.31,100.99
2025-08-01 20:30:00,157.34,157.34,157.34,114.05,118.01,92.84,123.8,123.8,157.34,123.8,123.8,8.75,79.11,85.59,15.0,8.75,28.35,8.75,8.75,56.61,123.8
2025-08-01 20:45:00,155.81,155.81,155.81,113.81,124.88,98.16,124.88,124.88,155.81,124.88,124.88,8.6,79.11,84.59,14.4,8.6,28.35,8.6,8.6,55.71,124.88
2025-08-01 21:00:00,164.49,164.49,164.49,123.0,102.4,96.26,137.05,137.05,164.49,137.05,137.05,16.31,82.3,84.69,10.0,-2.7,31.55,16.31,16.31,55.77,137.05
2025-08-01 21:15:00,143.72,143.72,143.72,117.46,110.38,98.02,123.48,123.48,143.72,123.48,123.48,12.2,82.3,84.29,10.1,-2.7,31.55,12.2,12.2,55.29,123.48
2025-08-01 21:30:00,138.0,138.0,138.0,110.46,114.4,98.02,114.4,114.4,138.0,114.4,114.4,7.62,82.3,83.89,9.6,-2.7,31.55,7.62,7.62,54.89,114.4
2025-08-01 21:45:00,121.26,121.26,121.26,97.02,105.48,95.01,105.48,105.48,121.26,105.48,105.48,-1.73,82.3,82.39,8.9,-2.7,31.55,-1.73,-1.73,53.92,105.48
2025-08-01 22:00:00,130.63,130.63,130.63,108.96,127.9,99.52,130.63,130.63,130.63,130.63,130.63,6.07,74.9,89.26,14.0,-0.27,28.44,6.07,6.07,51.59,130.63
2025-08-01 22:15:00,120.24,120.24,120.24,105.08,115.69,97.52,115.69,115.69,120.24,115.69,115.69,6.01,74.9,89.26,13.8,-0.27,28.44,6.01,6.01,46.8,115.69
2025-08-01 22:30:00,112.0,112.0,112.0,103.46,107.69,97.52,107.69,107.69,112.0,107.69,107.69,-2.51,74.9,89.26,13.4,-2.51,28.44,-2.51,-2.51,46.89,107.69
2025-08-01 22:45:00,52.73,52.73,52.73,92.84,99.01,94.25,99.01,99.01,99.01,99.01,99.01,-5.32,74.9,89.26,12.7,-2.7,28.44,-5.32,-5.32,46.49,52.73
2025-08-01 23:00:00,117.33,117.33,117.33,106.52,117.33,95.41,117.33,117.33,117.33,117.33,117.33,4.7,82.92,86.88,17.4,-0.3,28.44,4.7,4.7,50.08,117.33
2025-08-01 23:15:00,108.66,108.66,108.66,105.03,108.66,92.41,108.66,108.66,109.09,108.66,108.66,-3.01,81.73,86.88,17.4,-2.7,28.44,-3.01,-3.01,37.49,108.66
2025-08-01 23:30:00,50.02,50.02,50.02,95.8,103.42,90.41,103.42,103.42,103.42,103.42,103.42,-6.15,81.73,86.88,17.4,-2.7,28.44,-6.15,-6.15,35.69,50.02
2025-08-01 23:45:00,0.0,0.0,0.0,86.15,90.11,85.55,90.17,90.17,90.17,90.17,85.26,-6.58,74.85,77.69,17.4,-2.96,28.44,-6.58,-6.58,34.69,38.9
