date,EE_buy,EE_sell,LT_buy,LT_sell,LV_buy,LV_sell,AT_buy,AT_sell,BE_buy,BE_sell,FR_buy,FR_sell,GER_buy,GER_sell,NL_buy,NL_sell,PL_buy,PL_sell,DK1_buy,DK1_sell,DK2_buy,DK2_sell,FI_buy,FI_sell,NO1_buy,NO1_sell,NO2_buy,NO2_sell,NO3_buy,NO3_sell,NO4_buy,NO4_sell,NO5_buy,NO5_sell,SE1_buy,SE1_sell,SE2_buy,SE2_sell,SE3_buy,SE3_sell,SE4_buy,SE4_sell
2026-06-10 00:00:00,0.0,0.3,0.3,0.3,0.0,0.0,9.9,4.0,13.5,0.0,17.0,49.8,125.4,19.7,0.0,18.9,0.0,17.5,57.4,9.4,11.4,38.2,9.8,17.0,0.0,0.0,9.5,0.0,0.0,0.0,0.0,0.0,0.0,0.0,2.5,0.0,0.0,3.6,1.0,1.0,2.9,0.0
2026-06-10 00:15:00,0.0,0.3,0.2,0.2,0.0,0.0,6.1,6.0,0.0,0.0,27.0,51.2,125.8,0.2,0.1,7.4,0.0,15.5,57.4,0.3,11.7,36.7,1.0,0.7,0.0,0.0,0.0,2.1,0.0,0.0,0.1,0.0,0.0,0.0,0.0,0.0,0.0,3.2,1.0,1.0,5.0,0.0
2026-06-10 00:30:00,0.0,0.3,0.1,0.1,0.0,0.0,14.1,2.0,10.1,0.0,5.0,54.7,127.8,1.4,2.0,6.0,0.0,16.7,57.4,0.0,8.0,35.2,1.0,17.7,0.0,0.0,0.0,38.3,0.0,0.0,0.0,0.0,0.0,0.0,0.0,0.0,0.0,5.1,1.0,1.0,0.8,0.0
2026-06-10 00:45:00,0.0,0.2,0.0,0.0,0.0,0.0,5.8,6.0,13.7,0.0,28.4,9.9,72.0,0.3,2.6,6.0,0.0,17.0,62.4,0.0,13.0,18.8,42.0,38.5,0.0,0.0,0.0,6.5,0.0,0.0,0.0,0.0,0.0,0.0,0.0,0.0,0.0,3.5,1.0,1.0,0.0,7.2
2026-06-10 01:00:00,0.0,0.2,0.0,0.1,0.0,0.0,0.3,6.0,0.0,0.0,6.0,43.8,126.0,0.1,0.8,6.0,0.0,10.8,80.1,12.6,7.4,40.2,0.0,0.0,0.0,0.0,0.0,11.4,0.0,0.0,0.0,0.0,0.0,0.0,0.2,0.0,3.8,0.0,1.0,1.0,1.1,1.0
2026-06-10 01:15:00,0.0,0.2,0.0,0.1,0.0,0.0,0.7,7.5,0.8,0.0,0.0,45.9,125.9,3.9,1.1,6.0,0.0,13.8,80.0,12.6,11.0,36.5,7.7,0.0,0.0,0.0,0.0,7.8,0.0,0.0,0.0,0.0,0.0,0.0,2.5,0.0,1.1,0.0,13.8,0.0,6.1,1.0
2026-06-10 01:30:00,0.0,0.1,0.0,0.2,0.0,0.0,1.4,15.3,0.0,0.0,0.0,44.7,51.6,0.0,1.2,6.0,0.0,15.2,80.2,12.6,11.0,28.7,42.0,34.0,0.0,0.0,0.0,7.5,0.0,0.0,0.0,0.0,0.0,0.0,0.0,0.0,0.0,2.1,3.4,0.0,2.0,1.0
2026-06-10 01:45:00,0.0,0.1,0.0,0.3,0.0,0.0,3.3,3.5,0.0,0.0,0.4,43.7,79.5,2.6,0.8,0.0,0.0,36.8,80.0,12.6,9.4,37.7,42.0,36.2,0.0,0.0,0.0,8.2,4.0,0.0,0.7,0.0,0.0,0.0,0.0,0.0,0.0,2.3,15.0,0.0,2.1,1.0
2026-06-10 02:00:00,0.0,0.1,0.0,0.3,0.0,0.0,2.5,4.1,0.0,0.0,9.0,88.1,57.1,4.0,2.1,6.0,0.0,42.7,80.0,12.6,6.4,38.8,14.2,43.0,0.0,0.0,0.0,8.0,1.0,0.0,0.0,0.0,0.0,0.0,2.7,0.0,0.0,0.0,13.9,0.0,10.0,0.0
2026-06-10 02:15:00,0.0,0.1,0.0,0.3,0.0,0.0,4.2,2.0,0.0,0.0,8.7,45.3,97.2,2.0,0.7,0.0,0.0,44.4,80.0,13.9,6.4,41.4,0.0,23.7,0.0,0.0,0.0,8.0,10.0,0.0,0.0,0.0,0.0,0.0,0.0,0.0,0.0,5.2,3.4,0.0,5.2,0.0
2026-06-10 02:30:00,0.0,0.1,0.0,0.2,0.0,0.0,2.5,2.5,7.6,0.0,3.2,41.4,82.5,1.2,0.4,0.0,0.0,43.4,80.0,32.1,8.0,26.5,0.0,31.9,0.0,0.0,0.0,8.2,10.0,0.0,0.0,0.0,0.0,0.0,2.6,0.0,0.0,0.0,15.0,0.0,5.2,0.0
2026-06-10 02:45:00,0.0,0.2,0.0,0.2,0.0,0.0,4.4,2.0,0.0,0.0,47.7,44.0,128.1,11.5,0.0,15.8,0.0,45.1,80.0,38.7,15.1,25.6,15.4,42.0,0.0,0.0,0.0,8.5,10.0,0.0,0.0,0.0,0.0,0.0,2.8,0.0,0.0,0.0,15.0,0.0,1.0,9.3
2026-06-10 03:00:00,0.0,0.2,0.0,0.2,0.0,0.0,6.1,4.0,0.0,0.4,18.0,43.4,74.5,4.9,3.2,0.0,0.0,35.9,69.2,23.3,9.0,17.2,0.0,9.3,0.0,0.0,0.0,9.5,10.0,0.0,0.0,0.0,0.0,0.0,0.0,0.0,0.0,3.7,2.0,2.0,6.9,0.0
2026-06-10 03:15:00,0.0,0.2,0.0,0.2,0.0,0.0,5.3,4.0,3.6,0.0,19.5,53.2,44.5,0.0,2.4,0.0,0.0,32.0,69.2,23.6,16.0,15.7,4.7,43.0,0.0,0.0,0.0,9.5,10.0,0.0,0.0,0.0,0.0,0.0,2.5,0.0,0.0,0.0,6.0,2.0,1.0,0.1
2026-06-10 03:30:00,0.0,0.2,0.0,0.1,0.0,0.0,7.5,9.0,0.0,0.0,23.2,40.4,57.6,0.4,1.7,0.0,0.0,32.0,69.2,36.1,11.0,18.1,0.0,15.0,0.0,0.0,0.0,9.2,10.0,0.0,0.0,0.0,0.0,0.0,0.0,0.0,0.0,10.8,2.0,2.0,1.0,0.8
2026-06-10 03:45:00,0.0,0.2,0.0,0.1,0.0,0.0,3.7,12.0,0.0,0.1,15.2,45.1,28.4,4.6,2.0,0.0,0.0,3.2,69.2,31.4,16.1,21.5,22.4,44.3,0.0,0.0,0.0,8.8,0.0,0.0,0.0,0.0,0.0,0.0,2.6,0.0,3.5,15.0,5.0,2.0,1.0,8.7
2026-06-10 04:00:00,0.0,0.2,0.0,0.1,0.0,0.0,0.7,4.7,0.0,0.0,0.0,56.8,139.0,95.1,7.1,0.0,0.0,44.0,80.0,17.5,12.8,13.2,42.0,45.8,0.0,0.0,0.0,9.0,0.0,0.0,0.0,0.0,0.0,0.0,0.0,0.0,0.0,22.8,2.0,2.0,5.7,0.0
2026-06-10 04:15:00,0.0,0.2,0.0,0.2,0.0,0.0,0.4,9.0,0.0,0.0,7.0,67.1,74.6,0.7,1.9,0.0,0.0,46.5,80.0,44.8,10.2,20.1,42.0,31.9,0.0,0.0,0.0,9.0,0.0,0.0,0.0,0.0,0.0,0.0,0.0,0.0,0.0,19.7,1.0,1.0,10.1,0.0
2026-06-10 04:30:00,0.0,0.2,0.0,0.2,0.0,0.0,1.0,11.1,0.0,2.7,43.4,37.0,97.5,2.3,0.7,25.9,0.0,15.9,80.0,45.0,13.8,28.3,0.0,0.0,0.0,0.0,0.0,8.8,10.0,0.0,0.0,0.0,0.0,0.0,2.5,0.0,0.0,15.1,1.0,13.8,1.0,9.5
2026-06-10 04:45:00,0.0,0.2,0.0,0.3,0.0,0.0,6.8,12.0,0.0,1.9,8.8,61.2,130.6,0.0,2.0,37.8,0.0,11.5,80.0,49.1,9.4,21.9,35.5,41.0,0.0,0.0,0.0,8.2,10.0,0.0,0.0,0.0,0.0,0.0,2.8,0.0,0.0,9.9,1.0,13.0,1.0,6.4
2026-06-10 05:00:00,0.0,0.2,0.0,0.3,0.0,0.0,0.7,7.3,0.0,0.6,32.9,8.4,39.7,2.0,8.8,33.6,0.0,20.8,130.7,34.1,15.2,30.9,42.0,39.7,3.2,0.0,0.0,5.8,4.5,0.0,0.0,0.0,0.0,0.0,0.0,0.0,0.0,16.8,6.0,10.2,6.0,8.8
2026-06-10 05:15:00,0.0,0.2,0.0,0.2,0.0,0.0,19.6,5.0,0.0,0.0,0.0,26.9,30.7,6.9,9.2,14.4,0.0,18.2,130.7,21.7,11.0,9.3,42.0,36.4,3.2,0.0,0.0,5.0,3.7,0.0,0.0,0.0,0.0,0.0,0.0,0.0,0.0,20.5,1.0,4.2,1.0,8.5
2026-06-10 05:30:00,0.0,0.3,0.0,0.0,0.0,0.0,3.7,12.0,0.0,2.6,9.4,19.3,44.3,30.7,8.9,16.9,0.0,17.2,130.7,27.2,15.2,10.2,0.0,0.0,0.0,0.0,0.0,4.0,0.0,0.0,0.0,0.3,0.0,0.0,0.0,0.0,0.0,23.8,1.0,1.0,1.0,0.0
2026-06-10 05:45:00,0.0,0.3,0.1,0.0,0.0,0.0,51.9,5.7,0.0,0.0,12.0,8.3,75.3,10.4,9.1,6.0,0.0,24.7,130.7,26.4,7.0,10.2,42.8,45.2,0.0,0.0,4.6,0.0,6.9,0.0,0.0,5.0,0.0,0.0,2.7,0.0,0.0,0.0,1.0,1.0,1.0,0.0
2026-06-10 06:00:00,0.0,0.4,0.1,0.0,0.0,0.0,9.0,8.4,0.0,0.0,0.6,10.0,120.0,44.7,3.7,6.0,0.0,2.1,115.3,22.3,13.6,19.7,42.0,44.0,8.5,0.0,5.6,0.0,7.4,0.0,0.0,0.0,0.0,0.0,0.0,0.0,0.0,17.1,15.0,0.0,0.5,8.2
2026-06-10 06:15:00,0.0,0.4,0.1,0.1,0.0,0.0,13.8,13.3,1.3,0.0,17.5,23.5,152.6,31.9,2.2,6.0,0.0,20.6,115.3,34.3,13.8,15.1,5.0,6.3,0.0,0.0,5.3,0.0,0.0,0.0,0.0,0.0,0.0,0.0,1.7,0.0,0.0,13.0,15.0,0.0,0.5,8.2
2026-06-10 06:30:00,0.0,0.4,0.1,0.1,0.0,0.0,29.5,14.9,0.0,0.0,0.0,16.7,28.4,24.7,0.0,6.5,0.0,26.2,115.3,56.2,10.9,5.2,38.5,51.4,0.0,0.0,1.6,0.0,0.0,10.0,0.0,5.0,0.0,0.0,2.6,0.0,0.0,8.7,3.0,0.0,0.5,0.0
2026-06-10 06:45:00,0.0,0.5,0.1,0.1,0.0,0.0,34.8,8.7,0.0,1.2,17.3,18.3,39.4,195.6,0.0,7.3,0.0,26.9,115.3,37.8,15.2,0.0,42.4,54.4,0.0,0.0,0.0,0.0,0.0,10.0,0.0,5.0,0.0,0.0,2.5,0.0,0.0,0.0,0.0,15.0,0.5,8.5
2026-06-10 07:00:00,0.0,0.4,0.1,0.0,0.0,0.0,3.0,16.2,0.0,0.0,28.4,17.1,147.7,41.6,50.0,7.2,0.0,26.5,50.8,70.6,11.0,5.9,42.0,47.0,0.0,0.0,1.5,0.0,0.0,10.0,0.0,5.0,0.0,0.0,0.0,0.0,0.0,4.6,0.8,0.0,1.0,0.0
2026-06-10 07:15:00,0.0,0.4,0.1,0.0,0.0,0.0,3.0,29.2,0.0,0.0,29.5,27.2,53.0,35.3,0.0,6.1,0.0,22.4,52.4,67.3,13.2,5.2,1.0,13.0,0.0,0.0,4.7,0.0,0.0,10.0,0.0,5.0,0.0,0.0,2.0,0.0,0.0,2.6,3.6,0.0,1.0,0.0
2026-06-10 07:30:00,0.0,0.4,0.1,0.0,0.0,0.0,0.0,19.4,0.0,0.0,30.5,15.9,149.3,32.4,0.0,6.4,0.0,22.3,59.7,69.9,16.2,3.2,9.0,11.5,0.0,0.0,5.7,0.0,0.0,0.0,0.0,5.0,0.0,0.0,2.5,0.0,2.0,2.0,9.0,0.0,1.0,13.0
2026-06-10 07:45:00,0.0,0.4,0.1,0.1,0.0,0.0,0.0,16.0,0.0,2.8,23.1,10.5,107.8,32.7,35.1,6.0,0.0,5.3,5.0,72.9,14.9,12.2,2.7,9.9,0.0,0.0,4.1,0.0,0.0,10.0,0.0,5.0,0.0,0.0,2.6,0.0,0.0,3.1,2.6,0.0,1.0,13.8
2026-06-10 08:00:00,0.0,0.4,0.1,0.0,0.0,0.0,3.0,9.7,0.0,0.0,0.0,91.4,182.7,65.5,6.6,0.0,0.0,5.1,59.7,145.0,10.0,6.6,0.0,12.0,0.0,0.0,0.0,16.8,0.0,0.0,0.0,5.0,0.0,0.0,0.0,0.0,0.0,2.6,1.0,1.0,1.0,12.5
2026-06-10 08:15:00,0.0,0.3,0.1,0.0,0.0,0.0,3.0,12.7,1.8,0.0,0.0,53.3,181.4,61.1,35.1,0.0,0.1,5.0,35.9,139.9,10.0,0.2,16.1,13.3,0.0,0.0,6.1,0.0,0.0,0.0,0.0,5.0,0.0,0.0,2.5,0.0,1.1,0.0,15.0,0.0,1.0,13.0
2026-06-10 08:30:00,0.0,0.2,0.1,0.0,0.0,0.0,0.0,12.3,0.0,0.0,10.9,10.0,120.5,36.7,24.8,0.0,0.0,15.1,23.3,130.1,10.0,3.3,24.7,16.8,0.0,0.0,5.6,0.0,0.0,0.0,0.0,0.0,0.0,0.0,2.2,0.0,1.8,0.0,15.0,0.0,1.0,13.2
2026-06-10 08:45:00,0.0,0.2,0.1,0.0,0.0,0.0,0.0,8.3,0.0,0.0,20.2,5.0,136.4,219.9,12.3,2.5,0.1,87.2,47.6,125.0,13.2,34.2,89.0,59.7,0.0,0.0,0.0,0.3,0.0,0.0,0.0,0.0,0.0,0.0,0.0,0.0,0.0,10.8,6.0,22.6,6.0,13.8
2026-06-10 09:00:00,0.0,0.2,0.1,0.0,0.0,0.0,3.0,9.1,0.0,0.0,0.0,67.9,135.4,173.7,4.0,0.0,0.0,24.3,31.4,164.7,57.3,0.0,0.0,73.7,3.0,0.0,0.0,0.0,0.0,0.0,0.0,0.0,0.2,0.0,0.0,0.0,0.0,14.9,19.3,1.0,13.0,0.0
2026-06-10 09:15:00,0.0,0.2,0.1,0.0,0.0,0.0,3.1,8.7,0.0,0.0,0.0,57.5,50.6,151.1,3.0,0.0,0.0,47.4,66.9,164.7,43.1,0.0,0.0,61.7,3.0,0.0,0.0,0.0,2.6,0.0,0.0,0.0,0.2,0.0,0.0,0.0,0.0,17.8,0.4,1.0,14.0,0.0
2026-06-10 09:30:00,0.0,0.2,0.1,0.0,0.0,0.0,3.3,7.6,0.0,0.0,0.0,61.7,96.1,150.2,5.5,0.0,0.0,83.0,43.6,164.7,3.6,0.0,42.0,22.5,3.0,0.0,0.0,0.1,4.3,0.0,0.0,0.0,0.2,0.0,0.0,0.0,0.0,19.8,0.0,17.7,1.0,6.9
2026-06-10 09:45:00,0.0,0.3,0.1,0.0,0.0,0.0,0.2,11.9,0.0,0.0,0.0,16.8,81.7,90.7,14.1,2.5,0.0,47.8,63.1,164.7,7.2,24.7,42.0,41.5,3.0,0.0,0.0,0.6,4.3,0.0,0.0,0.0,0.2,0.0,0.0,0.0,0.0,24.8,5.0,22.2,6.0,14.2
2026-06-10 10:00:00,0.0,0.2,0.1,0.0,0.0,0.0,19.5,5.9,4.1,0.0,5.0,30.1,100.6,124.8,12.7,5.0,0.0,82.5,36.6,85.9,47.9,5.0,0.0,70.9,3.1,0.0,0.0,0.2,3.0,0.0,0.0,0.0,0.2,0.0,0.0,0.0,0.0,15.2,23.5,6.0,14.0,0.0
2026-06-10 10:15:00,0.0,0.2,0.1,0.0,0.0,0.0,25.8,3.9,1.5,0.0,16.0,5.3,74.8,106.8,13.0,5.0,0.0,60.0,52.5,85.9,21.4,5.0,0.0,39.6,3.7,0.0,0.0,0.0,2.1,0.0,0.0,0.0,0.0,0.0,1.8,0.0,0.0,20.1,0.0,1.0,10.5,0.0
2026-06-10 10:30:00,0.0,0.2,0.1,0.0,0.0,0.0,20.7,1.9,0.0,0.0,15.8,28.8,76.7,25.8,9.7,5.0,6.9,33.3,48.4,85.9,15.0,16.9,41.0,27.6,3.6,0.0,0.0,0.1,4.3,0.0,0.0,0.0,0.0,0.0,0.0,0.0,0.0,26.2,0.0,27.2,0.0,15.1
2026-06-10 10:45:00,0.0,0.2,0.1,0.0,0.0,0.0,15.0,13.0,0.0,0.0,10.6,47.4,118.5,154.3,5.1,7.5,0.0,20.0,57.2,85.9,14.7,9.2,42.0,39.0,3.6,0.0,10.7,0.0,4.3,0.0,0.0,0.0,0.0,0.0,0.0,0.0,0.0,28.9,0.0,23.6,0.0,5.7
2026-06-10 11:00:00,0.0,0.2,0.1,0.0,0.0,0.0,13.0,5.1,0.0,0.0,6.7,52.7,99.3,166.8,3.6,5.0,5.4,60.0,52.5,55.0,11.3,5.0,0.0,44.3,3.6,0.0,9.9,0.0,0.0,0.0,0.0,0.0,0.0,0.0,0.0,0.0,0.0,2.0,0.0,1.0,0.0,1.0
2026-06-10 11:15:00,0.0,0.2,0.1,0.0,0.0,0.0,14.1,3.9,0.0,0.0,6.8,48.3,99.0,181.4,2.9,5.0,0.0,22.0,54.5,55.0,11.4,5.0,0.0,32.6,3.6,0.0,0.0,0.0,3.6,0.0,0.0,0.0,0.0,0.0,0.0,0.0,0.0,1.6,0.0,3.6,0.0,1.0
2026-06-10 11:30:00,0.0,0.3,0.1,0.0,0.0,0.0,22.5,1.3,0.0,0.0,5.1,74.8,138.8,192.5,2.9,5.0,0.0,22.9,54.9,55.0,15.6,9.0,7.0,11.2,3.6,0.0,0.1,0.0,4.3,0.0,0.0,0.0,0.0,0.0,0.0,0.0,0.0,1.0,0.0,17.0,0.0,8.1
2026-06-10 11:45:00,0.0,0.3,0.1,0.0,0.0,0.0,16.7,3.7,0.0,0.0,5.2,71.9,196.6,265.1,9.7,5.0,0.0,26.3,59.7,55.0,14.7,14.5,42.0,29.0,3.6,0.0,0.1,0.0,4.3,0.0,0.0,0.0,0.0,0.0,0.0,0.0,0.0,9.0,0.0,24.4,0.0,12.5
2026-06-10 12:00:00,0.0,0.3,0.1,0.0,0.0,0.0,19.0,1.2,2.1,0.0,5.2,70.6,166.8,220.9,6.0,0.0,0.0,64.7,59.1,50.0,8.2,5.2,0.0,42.0,0.0,0.0,0.1,0.0,0.0,0.0,0.0,0.0,0.0,0.0,1.6,0.0,0.0,17.2,3.1,1.0,0.0,0.5
2026-06-10 12:15:00,0.0,0.3,0.1,0.0,0.0,0.0,26.8,1.2,0.0,0.0,5.1,57.7,226.6,273.8,3.6,0.0,0.0,22.5,59.2,50.0,16.6,15.3,0.0,11.2,0.0,5.2,0.0,0.0,0.0,0.0,0.0,0.0,0.0,0.0,0.0,0.0,0.0,38.0,0.0,20.0,0.0,10.4
2026-06-10 12:30:00,9.4,0.3,0.0,0.0,0.0,0.0,16.7,7.3,0.0,0.0,5.0,65.7,176.2,212.5,3.2,0.0,0.0,24.2,60.9,50.0,13.6,13.4,1.0,13.5,3.9,0.0,1.2,0.0,4.1,0.0,0.0,0.0,0.0,0.0,0.0,0.0,0.0,41.0,0.0,18.5,0.0,8.7
2026-06-10 12:45:00,10.0,0.3,0.0,0.0,0.0,0.0,16.7,8.3,0.0,0.0,17.6,43.1,122.7,153.1,3.0,0.0,0.0,31.8,65.4,50.0,16.5,28.9,42.0,35.6,4.2,0.0,9.5,0.0,2.8,0.0,0.0,0.0,0.0,0.0,0.0,0.0,0.0,28.4,0.0,24.0,0.0,14.1
2026-06-10 13:00:00,4.3,0.4,0.0,0.0,0.0,0.0,15.5,5.9,11.1,0.0,5.0,38.2,98.7,213.3,23.5,5.0,0.0,24.2,42.1,62.4,10.4,7.6,0.0,39.3,0.0,0.0,0.1,0.0,0.0,0.0,0.0,0.0,0.0,0.0,0.0,0.0,0.0,15.0,0.0,6.1,0.0,1.0
2026-06-10 13:15:00,10.0,0.5,0.1,0.0,0.0,0.0,15.5,7.8,0.0,0.0,5.0,40.3,97.4,208.5,3.5,5.0,0.0,22.8,40.0,62.4,10.6,18.0,1.0,13.9,0.0,0.0,0.0,0.0,0.0,0.0,0.0,0.0,0.0,0.0,0.0,0.0,0.0,18.0,0.0,21.8,0.0,11.2
2026-06-10 13:30:00,10.0,0.6,0.1,0.0,0.0,0.0,16.7,14.0,0.0,3.6,5.0,42.4,114.3,229.5,2.9,5.0,11.2,24.8,42.6,62.4,15.7,29.8,0.0,17.6,0.0,0.0,1.3,0.0,2.7,0.0,0.0,0.0,0.0,0.0,0.0,0.0,0.0,11.0,0.0,22.0,0.0,11.3
2026-06-10 13:45:00,10.0,0.6,0.1,0.0,0.0,0.0,17.2,2.9,0.0,0.0,5.0,44.5,133.5,180.4,4.4,5.0,23.4,29.5,46.9,62.4,8.9,5.9,0.0,23.1,3.7,0.0,0.5,0.0,2.7,0.0,0.0,0.0,0.0,0.0,0.0,0.0,0.0,0.0,0.0,24.4,0.0,14.4
2026-06-10 14:00:00,10.0,0.7,0.1,0.0,0.0,0.0,18.0,2.7,0.0,0.0,7.1,44.6,119.7,205.5,16.9,5.0,19.3,23.7,47.0,55.0,16.4,30.5,0.0,37.9,0.0,0.0,4.8,0.0,0.0,0.0,0.0,0.0,0.0,0.0,0.0,0.0,0.0,1.0,0.0,24.3,0.0,15.4
2026-06-10 14:15:00,10.0,0.6,0.1,0.0,0.0,0.0,19.1,0.0,0.0,0.0,19.5,41.1,97.8,208.5,14.9,5.0,49.0,23.7,54.6,55.0,21.6,39.4,0.0,35.2,0.0,6.2,0.0,3.4,0.0,0.0,0.0,0.0,0.0,0.0,0.0,0.0,0.0,0.0,0.0,24.9,0.0,15.7
2026-06-10 14:30:00,10.0,0.5,0.1,0.0,0.0,0.0,17.0,0.0,0.0,0.0,5.0,39.8,98.8,297.9,1.4,5.0,60.0,27.7,47.7,55.0,44.3,0.7,0.0,44.3,0.0,0.0,0.0,0.3,0.0,0.0,0.0,0.0,0.0,0.0,0.0,0.0,0.0,0.0,0.0,24.7,0.0,15.9
2026-06-10 14:45:00,10.0,0.5,0.1,0.0,0.0,0.0,16.2,0.6,0.0,0.9,5.0,42.5,107.0,244.6,0.4,5.0,60.0,30.2,46.5,55.0,54.1,0.9,0.0,51.9,0.0,0.0,35.6,0.0,0.0,0.0,0.0,0.0,12.2,0.0,0.0,0.0,0.0,0.0,0.0,25.8,0.0,15.7
2026-06-10 15:00:00,0.0,0.4,0.1,0.0,0.0,0.0,20.0,0.0,0.0,0.0,5.0,48.6,99.4,355.9,13.5,5.0,0.0,25.1,65.9,91.7,15.4,43.4,0.0,41.2,0.0,0.0,0.0,12.5,0.0,0.0,0.0,0.0,0.0,0.0,0.0,0.0,0.0,3.0,0.0,24.0,0.0,7.1
2026-06-10 15:15:00,0.0,0.3,0.1,0.0,0.0,0.0,19.9,0.0,0.0,7.9,16.9,55.7,97.5,152.3,15.0,5.6,40.0,26.4,49.9,91.7,61.3,0.0,0.0,39.3,0.0,0.0,1.4,0.0,0.0,0.0,0.0,0.0,0.0,0.0,0.0,0.0,0.0,2.0,0.0,24.5,0.0,3.6
2026-06-10 15:30:00,0.0,0.3,0.1,0.0,0.0,0.0,3.8,48.0,0.0,2.4,11.0,60.7,97.7,104.3,0.0,9.4,61.9,9.0,39.3,91.7,49.8,0.0,0.0,39.3,0.0,0.0,13.9,0.0,0.0,0.0,0.0,0.0,0.0,0.0,0.0,0.0,0.0,7.0,0.0,27.3,0.0,3.2
2026-06-10 15:45:00,0.0,0.3,0.1,0.0,0.0,0.0,3.9,87.4,0.0,0.0,15.0,62.1,167.6,154.6,3.8,5.0,81.3,0.0,61.1,91.7,63.0,0.0,0.0,56.3,0.0,0.0,14.5,0.0,0.0,0.0,0.0,0.0,0.0,0.0,0.0,0.0,0.0,0.0,0.0,25.0,18.0,1.0
2026-06-10 16:00:00,0.0,0.3,0.1,0.0,0.0,0.0,0.3,94.5,0.0,0.0,0.0,44.1,25.7,216.2,0.3,5.0,83.7,0.0,22.7,257.4,25.8,0.0,0.0,45.4,0.0,0.1,0.0,52.2,0.0,0.0,0.0,0.0,0.0,0.0,0.0,0.0,0.0,14.0,5.0,25.0,5.0,7.1
2026-06-10 16:15:00,0.0,0.3,0.1,0.0,0.0,0.0,13.6,0.0,0.0,8.2,0.0,44.4,22.7,165.7,0.0,6.4,0.0,0.0,89.7,269.9,59.2,0.0,0.0,59.4,11.1,0.0,40.2,0.0,0.0,0.0,0.0,0.0,0.0,0.0,0.0,0.0,0.0,0.0,0.0,5.0,14.5,0.0
2026-06-10 16:30:00,0.0,0.3,0.0,0.0,0.0,0.0,3.1,9.5,0.0,9.6,16.0,53.1,22.6,269.4,0.0,5.9,0.0,48.2,91.3,264.9,65.4,0.0,0.0,67.4,0.0,0.0,30.0,0.0,0.0,0.0,0.0,0.0,0.0,0.0,0.0,0.0,0.0,7.0,0.0,20.0,14.8,0.0
2026-06-10 16:45:00,0.0,0.2,0.0,0.0,0.0,0.0,4.3,9.3,0.0,0.0,0.0,48.4,117.1,258.3,10.0,7.0,0.0,27.1,100.4,270.0,65.9,0.0,0.0,90.1,0.0,0.0,39.1,0.0,0.0,0.0,0.0,0.0,0.0,0.0,0.0,1.2,0.0,6.0,0.0,17.0,15.0,0.0
2026-06-10 17:00:00,0.0,0.3,0.0,0.0,0.0,0.0,6.9,4.0,0.0,4.4,11.2,18.1,125.7,236.5,0.0,0.3,0.0,82.7,25.1,0.0,13.6,20.4,42.0,86.7,0.0,0.0,0.0,27.1,0.0,0.0,0.0,0.0,0.0,0.0,0.0,0.0,0.0,0.0,0.0,12.9,0.0,15.8
2026-06-10 17:15:00,0.0,0.2,0.0,0.0,0.0,0.0,3.0,9.3,0.0,0.0,5.0,22.0,110.2,70.6,1.0,0.0,0.0,55.2,32.1,0.0,16.5,0.0,8.0,59.8,0.0,0.0,0.0,0.0,0.0,0.0,0.0,0.0,0.0,0.0,0.0,0.0,0.0,8.0,0.0,24.6,0.6,0.0
2026-06-10 17:30:00,0.0,0.2,0.0,0.1,0.0,0.0,14.9,9.0,0.0,16.4,10.0,56.4,92.6,172.6,0.0,39.7,0.0,50.8,44.1,0.0,15.6,0.1,1.0,55.8,0.0,6.9,0.0,22.6,0.0,10.0,0.0,0.0,0.0,0.0,0.0,0.0,0.0,10.0,0.0,26.7,10.3,0.0
2026-06-10 17:45:00,0.0,0.2,0.0,0.1,0.0,0.0,3.0,10.4,0.0,12.3,48.7,59.4,180.6,295.6,0.0,43.9,0.0,28.2,54.2,0.0,20.9,0.1,0.0,76.6,0.0,0.0,0.0,29.1,0.0,10.0,0.0,0.0,0.0,0.0,0.0,0.0,0.0,7.0,0.0,27.9,14.0,0.0
2026-06-10 18:00:00,0.0,0.1,0.0,0.1,0.0,0.0,2.2,6.8,0.0,0.0,0.0,45.4,68.6,102.9,11.8,0.0,0.0,46.0,11.5,0.0,14.2,2.0,42.0,64.9,0.0,0.0,0.0,69.6,0.0,0.0,0.0,0.0,0.0,0.0,0.0,0.0,0.0,2.0,1.0,6.0,0.0,0.0
2026-06-10 18:15:00,0.0,0.1,0.0,0.1,0.0,0.0,60.3,7.0,0.0,0.0,2.6,19.3,30.8,54.6,0.1,0.0,0.0,27.0,5.0,42.1,5.4,25.3,6.0,32.9,0.0,0.0,10.4,0.0,0.0,0.0,0.0,0.0,0.0,0.0,0.0,0.0,0.0,8.0,1.0,3.0,0.0,11.6
2026-06-10 18:30:00,0.0,0.1,0.0,0.1,0.0,0.0,45.6,12.7,0.0,11.0,0.0,25.4,28.7,69.8,0.0,17.6,0.0,45.9,81.6,0.0,37.1,2.0,0.0,32.9,0.0,7.1,0.0,1.2,0.0,10.0,0.0,0.0,0.0,0.0,0.0,0.0,0.0,9.0,1.0,18.8,11.3,0.0
2026-06-10 18:45:00,0.0,0.1,0.0,0.2,0.0,0.0,32.1,7.0,0.0,15.0,0.0,63.4,70.3,20.6,0.0,34.0,0.0,87.8,5.0,5.9,5.0,43.9,28.1,42.0,0.0,0.0,0.0,1.2,0.0,0.0,0.0,0.0,0.0,0.0,3.9,0.0,0.0,12.1,1.0,20.0,3.2,0.0
2026-06-10 19:00:00,0.0,0.1,0.0,0.2,0.0,0.0,65.3,6.0,0.0,0.0,8.8,65.7,48.7,84.6,0.0,5.3,0.0,78.0,19.3,28.6,15.2,7.7,42.0,42.5,0.0,0.0,0.0,1.1,0.0,10.0,0.0,0.0,0.0,0.0,0.0,0.0,0.0,12.0,0.0,3.8,5.2,0.0
2026-06-10 19:15:00,0.0,0.0,0.0,0.2,0.0,0.0,11.9,9.4,13.9,0.0,2.0,84.7,66.1,86.9,0.0,5.6,0.0,76.2,19.3,0.0,23.1,0.0,6.0,18.7,0.0,0.0,0.0,0.0,0.0,10.0,0.0,0.0,0.0,0.0,0.0,0.0,0.0,14.3,0.0,16.5,5.2,0.0
2026-06-10 19:30:00,0.0,0.0,0.0,0.2,0.0,0.0,8.7,10.9,0.0,19.6,0.0,107.5,137.2,111.7,0.0,33.1,0.0,77.8,70.5,0.0,49.1,0.0,18.8,42.0,0.0,0.2,0.0,1.2,0.0,10.0,0.0,0.0,0.0,0.0,3.7,0.0,0.0,20.5,0.0,16.8,8.5,0.0
2026-06-10 19:45:00,0.0,0.0,0.0,0.1,0.0,0.0,27.1,14.6,0.0,0.0,7.0,110.8,88.4,60.4,0.0,2.5,0.0,78.0,54.0,0.1,37.8,2.0,30.0,42.0,0.0,0.0,0.0,1.1,0.0,10.0,0.0,0.0,0.0,0.0,3.8,0.0,0.0,21.8,0.0,17.0,1.0,0.0
2026-06-10 20:00:00,0.0,0.0,0.0,0.1,0.0,0.0,2.3,16.0,0.0,30.2,1.4,91.1,62.5,6.7,5.0,42.8,2.0,72.8,17.7,0.0,26.2,0.0,92.5,51.8,0.0,0.0,1.0,0.0,0.0,10.0,0.0,0.0,0.0,0.0,0.0,0.0,0.0,31.5,0.0,3.0,1.0,7.3
2026-06-10 20:15:00,0.0,0.0,0.0,0.1,0.0,0.0,0.0,12.0,0.0,0.0,4.0,76.9,47.5,35.9,5.8,5.9,0.0,72.6,11.9,0.0,22.4,2.0,10.6,18.7,0.0,4.8,0.0,1.2,0.0,10.0,0.0,0.0,0.0,0.0,0.0,0.0,0.0,35.7,0.0,14.8,1.0,7.3
2026-06-10 20:30:00,0.0,0.0,0.0,0.1,0.0,0.0,9.5,10.9,0.0,22.1,3.0,91.0,55.9,57.8,5.0,11.5,0.0,20.0,32.6,0.1,36.1,2.7,10.6,15.6,0.0,5.4,0.0,1.2,0.0,10.0,0.0,0.0,0.0,0.0,0.0,0.0,0.0,41.0,0.0,15.8,1.0,6.0
2026-06-10 20:45:00,0.0,0.0,0.0,0.1,0.0,0.0,17.6,13.2,0.0,18.4,6.0,107.3,41.1,71.4,14.7,0.0,0.0,19.5,16.1,0.1,27.5,2.7,10.6,15.6,0.0,5.6,0.0,5.0,0.0,10.0,0.0,0.0,0.0,0.0,0.0,0.0,0.0,43.8,0.0,10.3,1.0,6.5
2026-06-10 21:00:00,0.0,10.0,0.0,0.1,0.0,0.0,2.5,14.9,0.0,52.7,0.0,24.3,86.1,67.1,45.1,0.0,0.0,20.5,70.8,0.0,43.5,2.7,7.4,20.0,0.0,4.1,0.0,1.2,0.0,10.0,0.0,0.0,0.0,0.0,0.0,0.0,0.0,42.4,0.0,15.6,1.0,1.9
2026-06-10 21:15:00,0.0,10.0,0.0,0.1,0.0,0.0,7.2,10.9,0.0,50.1,3.0,39.4,64.8,31.5,13.5,0.0,0.0,42.9,45.7,0.0,41.9,2.0,7.4,14.0,0.0,3.8,0.0,1.0,0.0,10.0,0.0,0.0,0.0,0.0,0.0,0.0,0.0,39.4,0.0,1.0,1.0,7.7
2026-06-10 21:30:00,0.0,10.0,0.0,0.1,0.0,0.0,5.5,8.7,0.0,52.7,3.0,68.6,81.4,32.5,19.2,0.0,0.0,81.4,49.5,0.0,44.4,2.7,7.4,14.0,0.0,0.0,0.0,0.0,0.0,10.0,0.0,0.0,0.0,0.0,0.0,0.0,0.0,35.5,1.0,1.0,1.0,4.6
2026-06-10 21:45:00,0.0,10.0,0.0,0.1,0.0,0.0,49.0,9.2,0.0,52.9,0.0,54.1,133.4,20.0,50.3,2.5,0.0,84.2,85.8,0.0,50.5,2.7,35.6,30.1,0.0,0.0,15.6,0.0,0.0,10.0,0.0,0.0,0.0,0.0,0.0,0.0,0.0,30.5,15.0,1.0,2.9,0.0
2026-06-10 22:00:00,0.0,0.0,0.0,0.1,0.0,0.0,6.3,9.9,0.0,1.2,29.2,54.1,95.8,42.8,69.7,2.5,20.3,24.9,48.6,0.1,39.8,2.2,25.8,42.0,0.0,0.0,0.0,1.2,0.0,10.0,0.0,0.0,0.0,0.0,3.3,0.0,0.0,9.3,1.0,1.0,1.0,0.0
2026-06-10 22:15:00,0.0,0.0,0.0,0.1,0.0,0.0,0.9,8.7,6.7,0.0,5.0,30.5,137.6,15.6,26.3,0.0,2.3,12.6,56.4,0.0,40.1,2.2,0.0,15.3,0.0,0.0,11.6,0.0,0.0,10.0,0.0,0.0,0.0,0.0,0.0,0.0,0.0,29.7,6.7,0.0,7.8,0.0
2026-06-10 22:30:00,0.0,0.0,0.0,0.1,0.0,0.0,0.7,9.4,0.0,15.5,5.0,95.6,76.6,11.4,5.0,18.6,17.8,59.0,26.0,0.0,33.3,2.2,6.0,6.5,0.0,0.0,0.0,1.2,0.0,10.0,0.0,0.0,0.0,0.0,0.0,0.0,0.0,29.0,15.0,0.0,5.1,0.0
2026-06-10 22:45:00,0.0,0.0,0.0,0.1,0.0,0.0,2.7,11.2,0.0,16.6,5.0,99.5,157.4,35.7,5.0,29.2,0.0,56.7,10.1,17.3,20.4,18.4,42.0,38.2,0.0,0.0,0.0,1.2,0.0,10.0,0.0,0.0,0.0,0.0,0.0,0.0,0.0,28.8,15.0,0.0,5.1,0.0
2026-06-10 23:00:00,0.0,0.0,0.0,0.1,0.0,0.0,1.8,8.2,3.8,0.0,11.2,101.2,152.2,57.2,42.3,8.5,0.0,4.0,54.4,0.0,37.8,2.0,32.4,42.0,0.0,0.0,10.0,0.0,0.0,0.0,0.0,0.0,0.0,0.0,0.0,0.0,0.0,8.7,12.0,0.0,1.0,1.2
2026-06-10 23:15:00,0.0,0.0,0.0,0.1,0.0,0.0,2.5,46.6,0.0,0.0,6.1,87.2,59.9,4.3,0.0,6.3,0.0,57.0,17.6,0.0,14.7,2.0,0.5,0.0,0.0,0.0,0.0,0.0,0.0,10.0,0.0,0.0,0.0,0.0,0.0,0.0,0.0,36.6,15.0,0.0,1.0,10.2
2026-06-10 23:30:00,0.0,0.0,0.0,0.1,0.0,0.0,3.3,5.9,0.0,0.0,18.1,104.8,80.7,18.6,0.0,16.8,0.0,56.5,7.4,6.5,7.3,32.7,1.0,9.9,0.0,0.0,0.0,1.2,0.0,10.0,0.0,0.0,0.0,0.0,0.0,0.0,0.0,41.6,15.0,0.0,1.0,10.6
2026-06-10 23:45:00,0.0,0.0,0.0,0.2,0.0,0.0,4.4,4.4,0.0,0.0,18.0,96.3,177.3,5.4,0.9,6.0,0.0,61.0,71.1,0.0,3.4,12.5,19.0,44.2,0.0,0.0,0.0,0.0,0.0,10.0,0.0,0.0,0.0,0.0,0.0,2.8,0.0,46.7,15.0,0.0,1.0,3.9
2026-06-11 00:00:00,0.0,0.0,20.8,0.0,0.0,0.0,1.0,4.2,12.6,4.2,3.3,70.0,176.1,14.2,20.1,8.5,15.5,0.1,10.1,13.6,12.5,11.5,0.0,25.8,0.0,0.0,0.0,0.0,0.0,0.0,0.0,0.0,0.0,0.0,0.0,0.3,0.0,7.8,1.0,11.8,7.5,0.0
2026-06-11 00:15:00,0.0,0.0,0.1,0.0,0.0,0.0,2.2,4.8,5.6,3.7,0.1,77.4,166.6,13.1,39.0,6.0,2.2,2.0,10.1,3.8,14.4,22.4,0.0,25.6,0.0,0.0,0.0,0.0,0.0,0.0,0.0,0.0,0.0,0.0,0.0,0.0,0.0,7.6,1.0,11.5,7.5,0.0
2026-06-11 00:30:00,0.0,0.0,0.1,0.0,0.0,0.0,1.7,2.0,12.8,1.7,71.7,55.0,227.3,6.1,50.4,6.0,0.0,2.0,7.0,16.5,4.0,11.0,39.0,31.3,0.0,0.0,0.0,0.0,0.0,0.0,0.0,0.0,0.0,0.0,0.0,0.0,0.0,7.7,1.0,11.8,8.0,0.0
2026-06-11 00:45:00,0.0,0.0,0.1,0.0,0.0,0.0,2.1,5.8,15.2,0.3,19.6,76.0,194.7,17.7,57.6,6.0,0.0,8.6,17.6,27.1,7.1,15.1,42.0,33.9,0.0,0.0,0.0,0.0,0.0,0.0,0.0,0.0,0.0,0.0,0.0,0.0,0.0,7.6,1.4,0.0,8.2,0.0
2026-06-11 01:00:00,0.0,0.0,0.1,0.0,0.0,0.0,3.2,4.1,1.0,1.0,45.4,20.8,329.7,1.4,38.1,8.5,0.0,3.9,22.5,15.6,10.5,10.0,1.0,31.0,0.0,0.0,0.0,0.0,0.0,0.0,0.0,0.0,0.0,0.0,0.0,0.0,0.0,8.2,1.0,10.2,8.0,0.0
2026-06-11 01:15:00,0.0,0.0,0.1,0.0,0.0,0.0,2.1,3.6,11.5,0.0,62.4,5.2,257.2,0.4,48.2,6.0,0.0,2.0,19.5,12.6,4.0,8.5,1.0,43.8,0.0,0.0,0.0,0.0,0.0,0.0,0.0,0.0,0.0,0.0,0.0,0.0,0.0,8.2,1.0,11.2,8.5,0.0
2026-06-11 01:30:00,0.0,0.0,0.1,0.0,0.0,0.0,7.0,2.0,11.5,0.0,41.8,0.0,261.9,0.6,47.6,6.0,0.0,2.0,18.5,12.6,4.0,13.5,1.0,35.0,0.0,0.0,0.0,0.0,0.0,0.0,0.0,0.0,0.0,0.0,0.0,0.0,0.0,8.2,1.0,11.2,9.2,0.0
2026-06-11 01:45:00,0.0,0.0,0.1,0.0,0.0,0.0,8.5,0.0,12.5,0.0,42.8,0.0,261.9,3.0,55.3,6.0,10.8,0.0,19.3,12.5,6.9,15.9,1.0,40.2,0.0,0.0,0.0,0.0,0.0,0.0,0.0,0.0,0.0,0.0,0.0,0.0,0.0,8.0,1.0,8.0,9.5,0.0
2026-06-11 02:00:00,0.0,0.0,0.1,0.0,0.0,0.0,2.5,2.0,1.0,7.6,47.6,5.0,188.9,0.0,1.0,8.5,10.8,0.0,38.9,12.6,3.1,8.0,31.0,39.2,0.0,0.0,0.0,0.0,0.0,0.0,0.0,0.0,0.0,0.0,0.0,0.0,0.0,5.0,1.0,11.6,10.0,0.0
2026-06-11 02:15:00,0.0,0.0,0.2,0.0,0.0,0.0,4.1,7.0,1.0,4.9,39.0,5.0,192.5,0.5,4.7,6.0,10.0,0.0,38.9,12.6,0.0,5.1,31.0,40.5,0.0,0.0,0.0,0.0,0.0,0.0,0.0,0.0,0.0,0.0,0.0,0.0,0.0,5.0,1.0,12.0,10.5,0.0
2026-06-11 02:30:00,0.0,0.0,0.2,0.0,0.0,0.0,5.8,5.0,1.0,2.6,33.2,5.0,186.3,1.6,4.2,6.0,15.5,0.0,38.1,12.6,0.0,6.0,11.5,18.2,0.0,0.0,0.0,0.0,0.0,0.0,0.0,0.0,0.0,0.0,0.0,0.0,0.0,5.0,1.0,12.0,9.8,0.0
2026-06-11 02:45:00,0.0,0.0,0.2,0.0,0.0,0.0,4.6,7.0,1.0,1.6,42.8,17.0,247.9,5.4,14.9,6.0,14.2,0.0,19.1,9.5,2.9,7.9,3.3,18.7,0.0,0.0,0.0,0.0,0.0,0.0,0.0,0.0,0.0,0.0,0.0,0.0,0.0,5.0,1.0,8.0,10.2,0.0
2026-06-11 03:00:00,0.0,0.0,0.2,0.0,0.0,0.0,2.8,2.0,1.0,12.6,27.4,5.0,202.5,51.3,1.3,10.5,14.3,0.0,15.6,8.1,4.5,8.0,0.0,7.6,0.0,0.0,0.0,0.0,0.0,0.0,0.0,0.0,0.0,0.0,0.0,0.0,0.0,5.0,6.4,0.0,10.0,0.0
2026-06-11 03:15:00,0.0,0.0,0.3,0.0,0.0,0.0,3.9,7.0,1.0,13.6,64.6,13.0,168.1,12.5,0.3,8.0,15.5,0.0,12.7,5.1,5.9,9.4,0.0,5.3,0.0,0.0,0.0,0.0,0.0,0.0,0.0,0.0,0.0,0.0,0.0,0.0,0.0,5.0,1.0,8.0,10.0,0.0
2026-06-11 03:30:00,0.0,0.0,0.3,0.0,0.0,0.0,5.7,5.0,1.0,11.8,26.0,5.1,202.1,4.0,1.7,23.0,13.0,0.0,19.4,5.1,3.5,8.0,31.9,42.6,0.0,0.0,0.0,0.0,0.0,0.0,0.0,0.0,0.0,0.0,0.0,0.0,0.0,2.8,1.0,8.0,10.0,0.0
2026-06-11 03:45:00,0.0,0.0,0.3,0.0,0.0,0.0,2.1,5.2,1.0,14.0,22.7,10.0,177.3,8.4,0.7,23.0,17.2,0.0,35.4,12.5,5.9,11.4,21.7,42.1,0.0,0.0,0.0,0.0,0.0,0.0,0.0,0.0,0.0,0.0,0.0,0.0,0.8,2.8,1.0,5.0,10.2,0.0
2026-06-11 04:00:00,0.0,0.0,0.3,0.0,0.0,0.0,2.3,4.0,0.0,1.0,50.6,0.0,248.2,104.7,29.8,17.5,14.0,0.2,17.6,7.6,4.0,2.5,0.0,41.2,0.0,0.0,0.0,0.0,0.0,0.0,0.0,0.0,0.0,0.0,0.0,0.0,0.0,5.0,1.0,8.0,10.5,0.0
2026-06-11 04:15:00,0.0,0.0,0.1,0.0,0.0,0.0,3.3,9.0,0.0,14.2,45.6,0.0,224.0,1.6,5.0,8.3,14.5,0.2,33.0,7.6,4.0,4.3,0.0,37.2,0.0,0.0,0.0,0.0,0.0,0.0,0.0,0.0,0.0,0.0,0.0,0.0,0.0,5.0,1.0,8.0,10.5,0.0
2026-06-11 04:30:00,0.0,0.0,0.0,0.1,0.0,0.0,3.5,9.0,0.0,17.5,42.6,0.0,169.5,0.8,0.0,13.8,14.8,0.2,31.6,7.6,4.0,5.5,0.0,37.7,0.0,0.0,0.0,0.0,0.0,0.0,0.0,0.0,0.0,0.0,0.0,0.0,0.0,5.0,1.0,8.0,10.5,0.0
2026-06-11 04:45:00,0.0,0.0,0.0,0.3,0.0,0.0,2.7,9.0,0.0,19.8,32.5,0.0,143.2,16.8,0.0,23.1,17.2,0.2,32.8,7.6,6.4,7.9,0.0,77.7,0.0,0.0,0.0,0.0,0.0,0.0,0.0,0.0,0.0,0.0,0.0,0.0,1.4,6.4,1.0,8.0,10.5,0.0
2026-06-11 05:00:00,0.0,0.0,0.0,0.5,0.0,0.0,1.9,1.0,1.0,0.0,46.4,0.1,214.6,0.9,26.9,8.5,13.8,0.0,26.4,0.0,13.9,12.5,42.0,47.4,0.0,0.0,0.0,0.0,0.0,0.0,0.0,0.0,0.0,0.0,0.0,0.0,0.0,12.6,1.0,8.0,9.1,0.0
2026-06-11 05:15:00,0.0,0.0,0.0,0.7,0.0,0.0,6.0,8.0,1.0,0.0,49.5,0.1,262.8,1.1,35.8,0.0,11.0,0.0,21.2,0.0,18.4,17.4,0.0,45.5,0.0,0.0,0.0,0.0,0.0,0.0,0.0,0.0,0.0,0.0,0.0,0.0,0.0,7.8,1.0,8.0,8.5,0.0
2026-06-11 05:30:00,0.0,0.0,0.0,1.0,0.0,0.0,10.6,6.0,5.7,0.0,54.6,0.1,224.7,1.8,27.4,0.0,2.1,0.0,28.7,0.0,13.9,9.1,0.0,64.5,0.0,0.0,0.0,0.0,0.0,0.0,0.0,0.0,0.0,0.0,0.0,0.0,0.0,7.6,1.0,14.4,8.5,0.0
2026-06-11 05:45:00,0.0,0.0,0.0,1.2,0.0,0.0,20.4,14.2,1.7,0.0,36.5,10.1,231.8,10.4,22.0,6.0,15.4,0.0,38.7,0.0,18.4,11.4,0.0,87.4,0.0,0.0,0.0,0.0,0.0,0.0,0.0,0.0,0.0,0.0,0.0,0.0,0.0,7.6,1.0,11.0,8.5,0.0
2026-06-11 06:00:00,0.0,0.0,0.0,1.2,0.0,0.0,7.9,2.0,0.0,3.5,53.7,5.0,68.5,29.0,15.8,8.5,23.0,0.0,8.6,0.0,5.0,25.0,41.0,46.6,0.0,0.0,0.0,0.0,0.0,0.0,0.0,0.0,0.0,0.0,0.0,0.0,0.0,5.0,3.0,0.0,6.0,0.0
2026-06-11 06:15:00,0.0,0.1,0.0,1.0,0.0,0.0,3.3,10.0,0.0,3.6,62.3,5.0,53.3,98.9,14.6,6.0,20.5,0.0,12.0,3.0,5.0,28.6,9.0,50.3,0.0,0.0,0.0,0.0,0.0,0.0,0.0,0.0,0.0,0.0,0.0,0.0,0.0,5.0,1.0,0.8,7.1,0.0
2026-06-11 06:30:00,0.0,0.1,0.0,0.8,0.0,0.0,0.8,15.0,0.0,3.3,48.7,5.0,52.4,124.4,7.0,7.0,22.2,0.0,9.3,0.0,5.0,27.0,0.0,61.9,0.0,0.0,0.0,0.0,0.0,0.0,0.0,0.0,0.0,0.0,0.0,0.0,2.4,2.4,1.0,13.0,1.0,0.0
2026-06-11 06:45:00,0.0,0.1,0.0,0.6,0.0,0.0,4.1,13.7,4.3,0.0,60.1,5.0,64.9,138.6,7.0,7.1,25.0,0.0,10.1,7.4,10.0,27.9,43.2,48.7,0.0,0.0,0.0,0.0,0.0,0.0,0.0,0.0,0.0,0.0,0.0,0.0,0.0,5.0,1.0,16.0,1.0,6.0
2026-06-11 07:00:00,0.0,0.1,0.0,0.5,0.0,0.0,3.1,11.4,17.8,0.0,22.0,7.0,138.1,100.7,41.3,8.5,52.5,0.0,16.1,3.2,2.0,29.0,42.0,39.0,0.0,0.0,0.0,0.0,0.0,0.0,0.0,0.0,0.0,0.0,0.0,0.0,0.0,5.0,1.0,16.0,0.5,8.9
2026-06-11 07:15:00,0.0,0.1,0.0,30.5,0.0,0.0,3.2,15.3,1.0,1.4,11.4,22.5,57.9,9.5,20.0,7.7,50.5,0.0,8.6,0.1,3.5,35.1,42.0,41.6,0.0,0.0,0.0,0.0,0.0,0.0,0.0,0.0,0.0,0.0,0.0,0.0,0.0,5.0,1.0,16.0,0.5,12.0
2026-06-11 07:30:00,0.0,0.0,0.0,0.5,0.0,0.0,0.1,9.5,1.0,25.4,23.4,0.0,108.5,98.3,20.0,9.0,53.8,0.0,1.0,0.0,4.0,27.2,40.9,45.9,0.0,0.0,0.0,0.0,0.0,0.0,0.0,0.0,0.0,0.0,0.0,0.0,0.0,5.0,1.0,19.0,0.5,13.0
2026-06-11 07:45:00,0.0,0.0,0.0,30.5,0.0,0.0,3.4,10.1,1.0,28.7,6.4,7.7,61.3,159.5,20.0,10.1,54.2,0.0,4.1,2.1,7.0,33.0,39.0,44.0,0.0,0.0,0.0,0.0,0.0,0.0,0.0,0.0,0.0,0.0,0.0,0.0,2.4,2.4,1.0,19.0,0.5,17.0
2026-06-11 08:00:00,0.0,0.0,0.0,0.6,0.0,0.0,5.2,6.3,1.0,26.1,0.0,23.4,108.3,66.7,26.0,6.2,43.5,0.0,37.8,5.9,4.4,29.5,64.0,53.9,0.0,0.0,0.0,0.0,0.0,0.0,0.0,0.0,0.0,0.0,0.0,0.0,0.0,12.5,1.0,14.9,1.0,12.1
2026-06-11 08:15:00,0.0,0.0,0.0,0.7,0.0,0.0,5.5,4.1,1.0,17.7,6.4,8.0,2.4,41.6,1.0,2.0,44.0,0.0,37.8,3.1,4.4,33.9,82.0,52.2,0.0,0.0,0.0,0.0,0.0,0.0,0.0,0.0,0.0,0.0,0.0,0.0,0.0,13.1,1.0,15.0,1.0,12.1
2026-06-11 08:30:00,0.0,0.0,0.0,30.9,0.0,0.0,7.4,4.0,1.0,22.8,30.3,0.1,6.9,41.6,1.0,0.1,46.5,0.0,42.2,20.0,0.0,23.5,40.0,38.0,0.0,0.0,0.0,0.0,0.0,0.0,0.0,0.0,0.0,0.0,0.0,0.0,0.0,15.6,1.0,1.0,1.0,7.1
2026-06-11 08:45:00,0.0,0.1,0.0,31.1,0.0,0.0,5.1,7.0,1.0,21.5,8.5,2.1,143.5,157.0,1.6,2.5,50.2,0.0,47.8,35.6,3.0,29.9,7.7,2.7,0.0,0.0,0.0,0.0,0.0,0.0,0.0,0.0,0.0,0.0,0.1,0.0,0.0,13.1,4.0,0.0,1.0,12.1
2026-06-11 09:00:00,0.0,0.1,0.0,31.0,0.0,0.0,55.4,5.2,1.0,20.2,4.1,5.0,122.1,127.9,52.9,2.5,27.6,0.1,10.2,5.0,6.4,38.4,85.0,76.5,0.0,0.0,0.0,0.0,0.0,0.0,0.0,0.0,0.0,0.0,0.0,0.0,0.0,5.0,0.0,11.8,1.0,12.0
2026-06-11 09:15:00,0.0,0.1,0.0,30.8,0.0,0.0,22.5,2.2,2.6,0.0,3.4,17.0,24.6,139.2,14.8,0.0,29.8,0.0,15.2,5.0,2.0,34.0,42.0,42.0,0.0,0.0,0.0,0.0,0.0,0.0,0.0,0.0,0.0,0.0,0.0,0.0,0.0,5.0,1.0,1.0,1.0,12.3
2026-06-11 09:30:00,0.0,0.2,0.0,0.5,0.7,0.0,22.6,2.2,24.6,0.0,2.3,13.0,21.0,124.5,2.5,0.0,10.0,2.0,2.9,12.1,2.0,33.0,85.0,72.3,0.0,0.0,0.0,0.0,0.0,0.0,0.0,0.0,0.0,0.0,0.0,0.0,0.0,5.0,5.9,1.0,1.0,9.3
2026-06-11 09:45:00,0.0,0.3,0.0,21.5,10.0,0.0,6.6,4.0,29.0,0.0,68.2,5.1,103.1,257.0,5.0,0.0,10.0,4.0,1.7,9.4,2.0,33.0,8.0,3.0,0.0,0.0,0.0,0.0,0.0,0.0,0.0,0.0,0.0,0.0,0.0,0.0,0.0,0.0,16.0,1.0,1.0,12.3
2026-06-11 10:00:00,0.0,0.3,0.0,0.2,0.5,0.0,9.3,22.2,1.0,33.6,100.7,11.5,12.5,185.6,63.1,7.5,0.0,4.6,11.2,12.6,1.0,31.0,42.0,47.0,0.0,0.0,0.0,0.0,0.0,0.0,0.0,0.0,0.0,0.0,0.0,0.0,0.0,3.8,0.0,15.0,0.0,8.8
2026-06-11 10:15:00,0.0,0.4,0.0,0.2,0.0,0.0,8.2,4.4,1.0,6.9,112.8,5.1,3.2,106.0,0.0,7.7,0.0,8.7,11.8,9.5,1.0,30.0,0.0,5.0,0.0,0.0,0.0,0.0,0.0,0.0,0.0,0.0,0.0,0.0,0.0,0.0,0.0,8.0,0.0,3.0,0.0,14.8
2026-06-11 10:30:00,0.0,0.4,0.0,0.3,0.7,0.0,8.1,4.4,1.0,20.2,118.1,18.7,23.4,126.7,0.0,6.5,0.0,26.0,11.1,12.5,1.0,40.0,30.2,35.2,0.0,0.0,0.0,0.0,0.0,0.0,0.0,0.0,0.0,0.0,0.0,0.0,0.0,3.0,0.0,3.0,0.0,16.2
2026-06-11 10:45:00,0.0,0.4,0.0,0.4,0.8,0.0,8.1,7.8,1.0,0.0,25.4,10.8,7.3,110.7,2.5,5.0,0.0,23.5,6.7,9.4,1.0,39.0,2.5,2.5,0.0,0.0,0.0,0.0,0.0,0.0,0.0,0.0,0.0,0.0,0.0,0.0,0.0,3.0,3.0,0.0,0.0,8.8
2026-06-11 11:00:00,0.0,0.4,0.0,9.6,10.0,0.0,6.0,4.2,17.4,19.4,109.9,26.4,26.6,40.4,1.0,3.5,0.0,2.1,11.4,9.6,0.0,30.5,42.0,47.0,0.0,0.0,0.0,0.0,0.0,0.0,0.0,0.0,0.0,0.0,0.0,0.0,0.0,8.0,1.0,5.0,0.0,17.5
2026-06-11 11:15:00,0.0,0.4,0.0,10.5,10.0,0.0,5.5,5.3,27.6,24.0,37.1,7.1,4.0,89.2,1.4,3.5,0.0,4.0,7.3,9.1,0.0,35.5,0.0,4.1,0.0,0.0,0.0,0.0,0.0,0.0,0.0,0.0,0.0,0.0,0.0,0.1,0.0,8.0,2.0,5.0,0.0,20.5
2026-06-11 11:30:00,0.0,0.3,0.0,30.3,0.0,0.0,4.2,13.1,41.0,12.5,35.5,5.1,8.6,188.6,0.0,29.9,0.0,4.0,14.8,7.4,0.0,40.7,2.6,2.6,0.0,0.0,0.0,0.0,0.0,0.0,0.0,0.0,0.0,0.0,0.0,0.0,0.0,0.0,23.0,5.0,0.0,9.5
2026-06-11 11:45:00,0.0,0.3,0.0,30.2,0.0,0.0,8.4,9.2,2.0,0.0,20.3,6.4,11.9,322.0,0.0,94.5,10.5,4.0,16.4,9.4,0.0,40.5,48.3,43.3,0.0,0.0,0.0,0.0,0.0,0.0,0.0,0.0,0.0,0.0,0.0,0.0,0.0,0.0,8.4,5.0,0.0,16.5
2026-06-11 12:00:00,0.0,0.2,0.0,0.2,0.0,0.0,3.6,25.2,36.1,65.0,30.2,5.2,47.5,246.0,2.4,2.5,0.0,3.1,19.8,5.0,15.0,14.0,6.1,11.1,0.0,0.0,0.0,0.0,0.0,0.0,0.0,0.0,0.0,0.0,0.0,0.0,0.0,8.0,0.0,24.0,0.0,11.2
2026-06-11 12:15:00,0.0,0.2,0.0,0.1,0.0,0.0,2.9,32.0,0.0,1.0,19.1,5.1,36.2,230.4,3.6,2.5,1.0,0.0,16.1,5.0,7.3,13.9,6.8,11.8,0.0,0.0,0.0,0.0,0.0,0.0,0.0,0.0,0.0,0.0,0.0,0.0,0.0,8.0,0.0,32.8,0.0,18.0
2026-06-11 12:30:00,0.0,0.2,0.0,0.1,0.0,0.0,2.5,33.5,0.0,1.0,25.1,5.1,36.3,174.0,5.6,2.5,1.0,0.0,7.1,5.0,5.4,12.4,51.0,56.0,0.0,0.0,0.0,0.0,0.0,0.0,0.0,0.0,0.0,0.0,0.0,0.0,0.0,0.0,0.0,31.8,0.0,15.0
2026-06-11 12:45:00,0.0,0.2,0.0,0.0,0.0,0.0,2.5,38.5,7.4,1.0,19.1,8.4,44.5,173.9,2.4,9.9,0.0,2.0,11.5,9.4,0.0,11.0,57.2,57.2,0.0,0.0,0.0,0.0,0.0,0.0,0.0,0.0,0.0,0.0,0.0,0.0,0.0,0.0,0.0,33.0,0.0,16.0
2026-06-11 13:00:00,0.0,0.2,0.1,0.0,0.0,0.0,2.2,47.4,0.0,29.4,7.5,8.0,25.2,31.0,18.4,5.0,0.8,0.0,50.0,25.7,4.6,14.1,66.5,84.8,0.0,0.0,0.0,0.0,0.0,0.0,0.0,0.0,0.0,0.0,0.0,0.0,4.4,0.0,0.0,19.0,0.0,8.0
2026-06-11 13:15:00,0.0,0.3,0.3,0.0,0.0,0.0,1.5,45.7,35.5,65.0,3.0,8.8,25.8,223.9,37.4,5.0,0.0,2.0,50.0,18.0,10.4,13.9,68.5,89.0,0.0,0.0,0.0,0.0,0.0,0.0,0.0,0.0,0.0,0.0,0.0,0.0,0.0,0.0,0.0,25.0,0.0,16.0
2026-06-11 13:30:00,0.0,0.3,0.4,0.0,0.0,0.0,0.8,28.6,25.5,1.0,0.0,18.8,41.1,224.5,16.0,7.5,0.0,10.9,50.0,23.6,1.5,5.0,40.2,45.2,0.0,0.0,0.0,0.0,0.0,0.0,0.0,0.0,0.0,0.0,0.0,0.0,0.0,8.0,0.0,32.2,0.0,21.0
2026-06-11 13:45:00,0.0,0.4,0.6,0.0,0.2,0.0,0.1,30.2,3.5,1.0,1.0,11.3,51.5,199.6,6.4,7.5,0.0,1.3,50.0,29.9,2.6,10.6,0.0,12.2,0.0,0.0,0.0,0.0,0.0,0.0,0.0,0.0,0.0,0.0,0.0,0.0,0.3,3.3,0.0,37.0,0.0,21.0
2026-06-11 14:00:00,0.0,0.4,0.7,0.0,0.0,0.0,0.0,25.9,28.3,1.0,12.2,7.9,32.5,179.7,12.0,5.0,3.0,60.0,55.0,39.4,7.0,14.5,0.0,5.3,0.0,0.0,0.0,0.0,0.0,0.0,0.0,0.0,0.0,0.0,0.0,0.0,0.6,0.0,0.0,23.0,0.0,23.0
2026-06-11 14:15:00,0.0,0.5,0.7,0.0,0.0,0.0,0.0,12.1,29.9,1.0,17.9,7.9,34.9,107.6,17.3,7.5,2.0,60.0,55.0,25.8,7.0,14.5,0.0,5.2,0.0,0.0,0.0,0.0,0.0,0.0,0.0,0.0,0.0,0.0,0.0,0.0,0.9,3.9,0.0,34.0,0.0,23.2
2026-06-11 14:30:00,0.0,0.5,0.7,0.0,0.2,0.0,0.0,18.7,22.2,1.0,11.1,16.4,42.0,149.5,19.6,7.5,23.8,60.0,55.0,17.2,8.6,4.1,0.0,5.4,0.0,0.0,0.0,0.0,0.0,0.0,0.0,0.0,0.0,0.0,0.0,0.0,0.9,3.9,0.0,33.8,0.0,23.5
2026-06-11 14:45:00,0.0,0.6,0.6,0.0,0.0,0.0,0.3,17.0,21.7,1.0,7.4,8.1,52.3,204.3,6.5,5.0,7.2,60.0,55.0,17.2,7.0,6.5,0.0,0.0,0.0,0.0,0.0,0.0,0.0,0.0,0.0,0.0,0.0,0.0,0.0,0.0,1.2,0.0,0.0,23.0,0.0,23.2
2026-06-11 15:00:00,0.0,0.5,0.7,0.0,0.0,0.0,2.2,42.6,44.7,64.0,1.0,20.8,25.0,209.2,0.0,27.6,25.0,60.0,55.0,33.8,1.0,7.0,42.4,37.6,0.0,0.0,0.0,0.0,0.0,0.0,0.0,0.0,0.0,0.0,0.0,0.0,1.0,4.0,0.0,23.0,0.0,22.0
2026-06-11 15:15:00,0.0,0.5,0.7,0.0,0.0,0.0,1.0,5.0,45.6,64.0,0.0,10.9,27.7,193.4,29.6,21.7,0.0,62.0,55.0,23.8,2.4,10.4,0.5,2.6,0.0,0.0,0.0,0.0,0.0,0.0,0.0,0.0,0.0,0.0,0.0,0.0,1.0,4.0,0.0,33.2,0.0,22.8
2026-06-11 15:30:00,0.0,0.5,0.8,0.0,0.0,0.0,0.0,11.0,39.1,64.0,0.1,9.5,26.0,100.7,3.3,7.0,0.0,62.0,55.0,28.4,1.7,7.4,0.3,5.6,0.0,0.0,0.0,0.0,0.0,0.0,0.0,0.0,0.0,0.0,0.0,0.0,1.4,9.4,0.0,35.0,0.0,24.0
2026-06-11 15:45:00,0.0,0.5,0.8,0.0,0.0,0.0,3.0,14.9,45.8,64.0,9.7,8.7,20.9,69.1,2.6,7.0,0.0,65.0,55.0,18.4,10.4,10.6,30.2,35.5,0.0,0.0,0.0,0.0,0.0,0.0,0.0,0.0,0.0,0.0,0.0,0.0,1.9,4.9,0.0,34.2,0.0,21.0
2026-06-11 16:00:00,0.0,0.5,0.9,30.0,0.2,0.0,1.1,29.5,44.0,64.0,0.2,22.4,91.4,299.0,0.0,73.9,0.0,89.0,11.5,9.4,7.0,23.0,42.6,42.6,0.0,0.0,0.0,0.0,0.0,0.0,0.0,0.0,0.0,0.0,0.0,0.0,2.4,2.4,0.0,30.8,0.0,15.8
2026-06-11 16:15:00,0.0,0.5,0.8,30.0,0.0,0.0,4.6,10.0,1.0,37.4,0.2,20.8,7.0,139.6,0.4,23.5,0.0,81.2,16.7,9.5,7.0,19.4,0.6,5.6,0.0,0.0,0.0,0.0,0.0,0.0,0.0,0.0,0.0,0.0,0.0,0.0,2.8,2.8,0.0,25.3,0.0,14.5
2026-06-11 16:30:00,0.0,0.4,0.8,30.0,0.0,0.0,3.1,12.1,20.8,64.0,0.6,19.1,2.3,129.5,0.9,7.5,0.0,60.0,14.7,9.5,7.0,14.8,0.2,0.2,0.0,0.0,0.0,0.0,0.0,0.0,0.0,0.0,0.0,0.0,0.0,0.0,2.5,2.5,0.0,24.8,0.0,14.8
2026-06-11 16:45:00,0.0,0.4,0.8,0.4,0.0,0.0,17.7,14.4,4.0,24.0,31.6,15.0,90.8,171.3,121.8,6.0,19.1,60.0,7.8,12.6,7.0,13.0,35.0,35.0,0.0,0.0,0.0,0.0,0.0,0.0,0.0,0.0,0.0,0.0,0.0,0.0,1.7,1.7,0.0,20.0,0.0,11.5
2026-06-11 17:00:00,0.0,0.4,0.7,30.0,0.0,0.0,2.2,52.1,29.8,1.0,115.3,25.5,116.5,204.6,2.0,32.2,29.8,60.0,31.1,11.0,7.6,23.1,42.5,67.8,0.0,0.0,0.0,0.0,0.0,0.0,0.0,0.0,0.0,0.0,0.0,0.0,0.2,0.2,0.0,28.8,1.0,19.9
2026-06-11 17:15:00,0.0,0.3,0.6,30.0,0.0,0.0,1.0,14.0,25.5,1.0,101.2,15.1,7.4,68.0,2.0,15.1,8.1,60.0,28.0,25.9,6.0,15.5,0.0,3.0,0.0,0.0,0.0,0.0,0.0,0.0,0.0,0.0,0.0,0.0,0.0,0.0,0.7,0.0,0.0,24.3,1.0,15.8
2026-06-11 17:30:00,0.0,0.2,0.5,30.0,0.0,0.0,1.0,16.7,25.8,1.0,5.0,13.5,3.5,53.8,38.7,0.0,0.0,60.0,28.0,12.6,6.0,14.2,1.0,1.0,0.0,0.0,0.0,0.0,0.0,0.0,0.0,0.0,0.0,0.0,0.0,0.0,0.0,0.0,0.0,25.2,1.0,17.0
2026-06-11 17:45:00,0.0,0.1,0.4,30.0,0.0,0.0,41.5,9.6,5.8,1.0,2.7,15.0,103.4,146.6,113.7,2.5,0.0,86.8,28.0,10.6,6.0,12.5,2.1,2.1,0.0,0.0,0.0,0.0,0.0,0.0,0.0,0.0,0.0,0.0,0.0,0.0,0.0,0.0,0.0,16.0,1.0,17.2
2026-06-11 18:00:00,0.0,0.1,0.3,30.0,0.0,0.0,3.2,37.1,0.0,10.4,8.1,17.0,33.3,111.8,17.8,0.0,20.5,0.0,10.1,5.9,10.5,37.5,3.4,3.4,0.0,0.0,0.0,0.0,0.0,0.0,0.0,0.0,0.0,0.0,0.0,0.0,0.0,0.0,0.0,20.0,0.0,13.2
2026-06-11 18:15:00,0.0,0.1,0.3,30.0,0.0,0.0,2.8,8.5,0.0,9.8,0.1,58.1,37.6,16.6,1.2,2.5,0.0,23.2,15.8,4.6,7.4,31.4,7.0,2.0,0.0,0.0,0.0,0.0,0.0,0.0,0.0,0.0,0.0,0.0,0.0,0.0,1.0,0.0,0.0,19.5,0.0,13.0
2026-06-11 18:30:00,0.0,0.1,0.3,30.0,0.0,0.0,17.4,12.0,5.1,1.0,0.1,79.2,27.4,34.5,1.0,4.2,0.0,27.5,18.5,7.6,10.4,36.4,0.0,2.9,0.0,0.0,0.0,0.0,0.0,0.0,0.0,0.0,0.0,0.0,0.0,0.0,1.1,1.1,0.0,19.8,0.0,12.8
2026-06-11 18:45:00,0.0,0.1,0.3,30.0,0.0,0.0,5.0,15.0,45.7,106.0,0.1,94.7,135.4,182.8,1.0,35.3,0.0,28.0,31.3,10.7,4.4,18.4,0.0,61.1,0.0,0.0,0.0,0.0,0.0,0.0,0.0,0.0,0.0,0.0,0.0,0.1,1.2,1.2,5.0,20.0,3.7,11.9
2026-06-11 19:00:00,0.0,0.0,0.2,30.0,0.0,0.0,6.8,5.0,30.0,31.9,5.2,33.7,63.8,109.8,2.0,5.3,18.0,0.0,27.6,4.4,4.0,26.0,42.1,11.2,0.0,0.0,0.0,0.0,0.0,0.0,0.0,0.0,0.0,0.0,0.0,0.0,4.2,0.0,11.0,1.0,2.9,13.2
2026-06-11 19:15:00,0.1,0.0,0.0,30.0,0.0,0.0,31.2,5.1,11.2,29.4,0.1,20.4,67.1,141.8,2.0,3.2,20.8,0.0,21.1,7.5,1.0,18.0,40.1,10.2,0.0,0.0,0.0,0.0,0.0,0.0,0.0,0.0,0.0,0.0,0.0,0.0,3.1,0.0,5.0,10.0,1.0,13.5
2026-06-11 19:30:00,0.2,0.0,0.0,30.1,0.0,0.0,32.5,13.2,0.0,43.2,64.6,5.0,36.0,59.8,2.0,7.4,0.0,17.8,17.9,0.0,3.9,29.9,25.0,7.6,0.0,0.0,0.0,0.0,0.0,0.0,0.0,0.0,0.0,0.0,0.0,0.0,2.1,0.0,5.0,10.0,1.0,11.3
2026-06-11 19:45:00,0.2,0.0,0.0,30.3,0.0,0.0,58.1,13.9,106.1,1.0,63.0,17.0,142.4,117.8,2.0,50.4,0.0,20.7,15.1,3.1,1.0,26.0,1.6,28.4,0.0,0.0,0.0,0.0,0.0,0.0,0.0,0.0,0.0,0.0,0.0,0.0,0.5,3.4,5.0,10.0,1.0,14.3
2026-06-11 20:00:00,0.3,0.0,0.0,30.4,0.0,0.0,5.2,8.2,17.0,15.0,70.5,10.9,106.5,82.8,15.3,32.1,0.0,0.0,10.1,4.1,7.9,32.9,24.0,5.0,0.0,0.0,0.0,0.0,0.0,0.0,0.0,0.0,0.0,0.0,0.0,0.0,1.4,0.0,13.8,1.8,8.9,0.0
2026-06-11 20:15:00,0.2,0.0,0.0,30.5,0.0,0.0,26.0,14.4,20.2,15.0,47.8,22.7,75.2,33.1,6.6,4.5,2.0,15.5,7.0,13.0,7.0,32.0,8.3,3.3,0.0,0.0,0.0,0.0,0.0,0.0,0.0,0.0,0.0,0.0,0.0,0.0,1.3,0.0,5.0,5.0,7.0,0.0
2026-06-11 20:30:00,0.2,0.0,0.0,30.5,0.0,0.0,34.6,11.2,91.0,41.4,33.4,15.0,49.7,38.6,7.9,4.5,0.0,19.6,7.0,11.6,11.4,36.4,5.9,4.5,0.0,0.0,0.0,0.0,0.0,0.0,0.0,0.0,0.0,0.0,0.0,0.0,0.7,0.0,5.0,5.0,9.9,0.0
2026-06-11 20:45:00,0.2,0.0,0.0,30.6,0.0,0.0,35.3,9.4,91.0,35.8,24.5,5.0,141.1,70.4,6.0,24.9,0.0,20.7,7.0,11.6,11.4,36.4,42.0,42.0,0.0,0.0,0.0,0.0,0.0,0.0,0.0,0.0,0.0,0.0,0.0,0.0,0.7,0.0,5.0,5.0,15.0,0.0
2026-06-11 21:00:00,0.0,0.0,0.0,18.7,0.0,0.0,34.2,5.9,91.0,26.3,53.6,26.1,130.5,176.3,7.0,32.1,0.0,23.9,3.9,8.6,6.0,31.0,51.2,51.2,0.0,0.0,0.0,0.0,0.0,0.0,0.0,0.0,0.0,0.0,0.0,0.0,0.3,0.3,5.0,3.4,7.0,0.0
2026-06-11 21:15:00,0.1,0.0,0.0,0.6,0.0,0.0,26.3,5.6,29.4,15.0,44.9,18.2,27.6,96.3,7.0,46.3,0.0,3.9,1.0,10.7,6.0,31.0,7.5,2.5,0.0,0.0,0.0,0.0,0.0,0.0,0.0,0.0,0.0,0.0,0.0,0.0,0.2,0.2,5.0,0.4,16.1,0.0
2026-06-11 21:30:00,0.0,0.0,0.0,0.6,0.0,0.0,12.6,4.9,91.0,2.2,49.1,15.1,108.5,89.0,8.2,18.8,0.0,16.4,13.4,8.0,6.0,31.0,6.1,1.1,0.0,0.0,0.0,0.0,0.0,0.0,0.0,0.0,0.0,0.0,0.0,0.0,0.2,0.2,5.0,10.0,13.0,0.0
2026-06-11 21:45:00,0.0,0.0,0.0,0.6,0.0,0.0,3.1,12.1,91.0,26.2,90.7,10.9,106.9,69.2,7.0,85.1,0.0,7.2,2.5,9.4,9.0,35.0,7.8,2.8,0.0,0.0,0.0,0.0,0.0,0.0,0.0,0.0,0.0,0.0,0.0,0.0,0.2,0.2,10.0,0.0,13.0,0.0
2026-06-11 22:00:00,0.0,0.0,0.0,30.6,0.0,0.0,6.8,7.4,48.2,80.0,45.7,23.7,40.4,100.9,5.1,2.5,0.0,19.4,26.0,15.6,7.0,16.0,4.9,4.9,0.0,0.0,0.0,0.0,0.0,0.0,0.0,0.0,0.0,0.0,0.0,0.0,0.0,14.5,1.8,0.0,10.0,0.0
2026-06-11 22:15:00,0.0,0.1,0.0,30.5,0.0,0.0,21.0,6.2,6.4,1.0,41.4,24.5,33.4,76.1,3.6,2.5,1.8,0.0,15.1,9.5,7.0,19.0,7.0,7.0,0.0,0.0,0.0,0.0,0.0,0.0,0.0,0.0,0.0,0.0,0.0,0.0,0.0,12.8,1.0,0.0,8.2,0.0
2026-06-11 22:30:00,0.0,0.1,0.0,30.5,0.0,0.0,12.4,4.0,22.4,1.0,45.2,15.1,58.5,75.3,5.0,2.5,23.5,0.0,9.7,5.0,7.0,22.0,12.1,12.1,0.0,0.0,0.0,0.0,0.0,0.0,0.0,0.0,0.0,0.0,0.0,0.0,0.0,10.1,15.0,0.0,13.0,0.0
2026-06-11 22:45:00,0.0,0.1,0.0,30.4,0.0,0.0,4.5,4.0,2.0,1.0,82.7,10.6,56.9,188.3,6.0,5.0,27.5,0.0,12.6,5.0,10.1,23.6,41.4,41.4,0.0,0.0,0.0,0.0,0.0,0.0,0.0,0.0,0.0,0.0,0.0,0.2,0.0,8.0,15.0,0.0,13.2,0.0
2026-06-11 23:00:00,0.0,0.1,0.0,9.9,0.0,0.0,39.7,6.0,1.0,54.9,84.4,20.7,49.9,7.0,2.0,76.8,22.9,0.0,13.1,0.1,1.6,8.1,64.6,66.6,0.0,0.0,0.0,0.0,0.0,0.0,0.0,0.0,0.0,0.0,0.0,0.0,0.0,5.8,15.0,0.0,5.5,0.5
2026-06-11 23:15:00,0.0,0.1,0.3,0.4,0.2,0.0,23.3,6.0,1.0,49.9,50.5,11.6,61.3,0.0,2.0,74.2,25.2,0.0,18.2,0.1,0.0,5.0,16.2,16.2,0.0,0.0,0.0,0.0,0.0,0.0,0.0,0.0,0.0,0.0,0.0,0.0,0.0,4.2,1.0,1.0,10.2,0.5
2026-06-11 23:30:00,0.0,0.1,0.2,0.3,0.2,0.0,15.7,0.0,1.0,52.2,101.7,15.0,88.8,7.5,2.0,70.1,11.2,0.0,18.6,0.1,5.0,6.5,11.3,6.3,0.0,0.0,0.0,0.0,0.0,0.0,0.0,0.0,0.0,0.0,0.0,0.0,0.0,3.6,18.0,0.0,10.8,0.5
2026-06-11 23:45:00,0.0,0.1,0.0,30.3,0.0,0.0,6.6,3.3,1.0,62.5,90.3,5.0,159.5,68.9,2.0,89.5,33.2,0.0,19.9,0.1,4.3,5.8,7.1,5.3,0.0,0.0,0.0,0.0,0.0,0.0,0.0,0.0,0.0,0.0,0.0,0.0,0.0,3.9,15.0,0.0,10.5,0.5
2026-06-12 00:00:00,0.4,0.0,0.2,0.0,0.0,0.0,3.0,5.4,16.2,0.0,25.6,0.0,150.3,30.7,6.7,17.1,0.0,2.1,9.4,15.1,4.0,14.7,14.7,15.0,0.0,0.0,0.0,1.1,0.0,0.0,0.0,5.0,0.0,0.0,0.3,0.0,0.4,0.4,0.0,0.0,0.5,0.3
2026-06-12 00:15:00,0.5,0.0,0.3,0.0,0.0,0.0,1.5,19.0,10.4,0.0,34.8,2.1,35.1,45.3,8.9,22.3,13.5,0.0,5.0,40.9,0.0,38.5,2.4,10.4,0.0,0.0,0.0,1.2,0.0,0.0,0.0,5.0,0.0,0.0,0.0,0.0,0.0,0.7,0.0,10.3,0.5,7.5
2026-06-12 00:30:00,0.5,0.0,0.3,0.0,0.0,0.0,1.5,17.2,0.0,0.0,44.2,6.0,28.7,92.1,7.8,28.1,11.7,2.0,5.0,60.1,0.0,37.8,9.0,10.9,0.0,0.0,0.0,1.2,0.0,0.0,0.0,5.0,0.0,0.0,0.0,0.0,0.0,0.6,0.8,0.8,0.5,8.0
2026-06-12 00:45:00,0.6,0.0,0.3,0.0,0.0,0.0,1.5,15.8,0.0,0.0,5.0,18.7,37.3,69.9,8.7,28.5,63.0,0.0,5.0,53.9,3.0,32.1,39.0,43.5,0.0,0.0,0.0,1.2,0.0,0.0,0.0,0.0,0.0,0.0,0.0,0.0,0.0,0.5,0.4,0.4,0.5,8.2
2026-06-12 01:00:00,0.6,0.0,0.4,0.0,0.0,0.0,2.9,2.0,0.0,0.0,35.1,8.4,94.2,38.6,8.7,3.7,10.8,0.2,5.0,75.5,1.8,25.5,33.5,51.8,0.0,0.0,0.0,1.2,0.0,0.0,0.0,5.0,0.0,0.0,0.2,0.0,15.7,0.0,1.0,1.0,0.0,8.0
2026-06-12 01:15:00,0.5,0.0,0.4,0.0,0.0,0.0,0.5,2.0,0.0,0.0,27.8,17.0,59.1,19.5,8.7,7.1,11.8,0.0,5.0,42.7,4.0,5.1,5.0,0.0,0.0,0.0,0.0,1.1,0.0,0.0,0.0,5.0,0.0,0.0,0.0,0.0,0.0,0.2,8.3,0.0,0.0,0.0
2026-06-12 01:30:00,0.5,0.0,0.5,0.0,0.0,0.0,0.0,9.9,0.0,0.0,41.7,5.9,52.5,51.2,10.6,0.0,12.2,2.0,5.0,105.2,0.0,27.6,41.0,31.0,0.0,0.0,0.0,1.2,0.0,0.0,0.0,5.0,0.0,0.0,0.0,0.0,0.0,0.5,3.0,0.0,0.0,9.2
2026-06-12 01:45:00,0.4,0.0,0.6,0.0,0.0,0.0,2.2,7.3,0.0,0.0,21.2,17.0,158.3,146.8,8.6,21.0,13.8,52.0,5.0,186.5,0.8,35.8,41.0,36.0,0.0,0.0,0.0,0.7,0.0,0.0,0.0,0.0,0.0,0.0,0.0,0.0,0.0,0.4,3.0,0.0,0.0,9.5
2026-06-12 02:00:00,0.4,0.0,0.6,0.0,0.0,0.0,2.5,2.0,2.8,0.0,11.2,66.5,68.5,25.6,29.0,0.0,0.0,2.2,5.0,68.3,4.0,17.5,15.5,15.1,0.0,0.0,0.0,1.0,2.0,0.0,0.0,5.0,0.0,0.0,0.0,0.0,0.0,0.4,1.4,0.0,1.0,6.1
2026-06-12 02:15:00,0.4,0.0,0.7,0.0,0.0,0.0,0.0,7.4,5.3,0.0,0.0,70.6,62.0,30.0,8.7,8.1,0.0,2.0,5.0,71.3,6.9,11.1,16.5,15.6,0.0,0.0,0.0,1.0,3.0,0.0,0.0,5.0,0.0,0.0,0.0,0.0,0.0,0.3,1.0,0.0,1.0,5.1
2026-06-12 02:30:00,0.4,0.0,0.7,0.0,0.0,0.0,0.7,16.9,8.1,0.0,19.8,62.3,101.6,43.7,8.4,17.5,0.0,2.0,5.0,145.3,4.0,16.4,15.8,16.2,0.0,0.0,0.0,1.0,4.0,0.0,0.0,0.0,0.0,0.0,0.1,0.0,0.4,0.1,1.0,12.0,1.0,8.2
2026-06-12 02:45:00,0.3,0.0,0.7,0.0,0.0,0.0,2.6,24.1,96.0,23.6,18.1,63.5,195.2,136.7,7.1,41.0,0.0,2.0,5.0,182.0,0.0,33.8,32.0,21.0,0.0,0.0,0.0,0.8,0.0,0.0,0.0,0.0,0.0,0.0,0.0,0.0,0.0,0.0,1.0,12.5,1.0,9.2
2026-06-12 03:00:00,25.2,0.0,0.7,0.0,0.0,0.0,0.7,17.4,0.0,0.0,8.4,56.4,46.3,99.0,10.7,0.0,0.0,2.2,9.4,185.9,1.0,31.3,38.1,48.2,0.0,0.0,0.0,0.9,5.0,0.0,0.0,5.0,0.0,0.0,0.0,0.0,5.1,0.0,1.0,0.0,1.0,9.0
2026-06-12 03:15:00,25.2,0.0,0.6,0.0,0.0,0.0,1.4,15.0,0.0,0.0,11.0,68.1,89.5,142.3,11.3,0.0,0.0,4.0,9.4,188.2,1.0,34.4,39.0,50.7,0.0,0.0,0.0,0.9,5.0,0.0,0.0,5.0,0.0,0.0,0.0,0.0,6.7,0.0,1.0,0.0,1.0,9.0
2026-06-12 03:30:00,25.2,0.0,0.5,0.0,0.0,0.0,2.1,24.0,60.0,19.3,2.4,64.4,90.1,136.8,10.2,5.0,0.0,4.0,9.4,188.4,1.0,33.6,39.2,44.2,0.0,0.0,0.0,0.8,0.0,0.0,0.0,5.0,0.0,0.0,0.0,0.0,3.0,0.0,1.0,13.0,1.0,9.0
2026-06-12 03:45:00,25.1,0.0,0.4,0.0,0.0,0.0,2.4,28.5,26.4,13.1,8.0,65.6,90.4,108.9,10.9,0.0,1.9,4.0,9.4,188.0,1.0,34.8,5.9,4.9,0.0,0.0,0.0,0.9,0.0,0.0,0.0,5.0,0.0,0.0,0.0,0.0,0.0,0.0,3.0,0.0,1.0,9.2
2026-06-12 04:00:00,0.2,0.0,0.4,0.0,0.0,0.0,1.7,12.4,60.0,20.9,7.4,71.1,97.6,132.3,9.5,14.8,0.0,4.1,5.0,101.4,0.0,32.4,0.5,5.5,0.0,0.0,0.0,0.6,0.0,0.0,0.0,4.0,0.0,0.0,0.0,0.0,0.0,0.0,1.0,13.0,1.0,9.5
2026-06-12 04:15:00,0.2,0.0,0.4,0.0,0.0,0.0,1.0,6.4,0.0,13.2,1.7,73.1,94.6,118.3,8.8,13.9,0.0,4.0,5.0,101.1,0.0,32.1,7.1,7.3,0.0,0.0,0.0,0.6,0.0,0.0,0.0,3.1,0.0,0.0,0.0,0.0,0.2,0.0,1.0,8.4,1.0,9.5
2026-06-12 04:30:00,0.1,0.0,0.4,0.0,0.0,0.0,0.3,7.6,0.0,0.0,10.0,70.8,82.4,109.4,9.9,8.5,0.0,4.0,5.0,102.0,0.0,31.1,5.0,5.2,0.0,0.0,0.0,0.6,0.0,0.0,0.0,1.5,0.0,0.0,0.0,0.0,0.2,0.0,1.0,0.0,1.0,9.5
2026-06-12 04:45:00,0.1,0.0,0.4,0.0,0.0,0.0,1.0,8.5,0.0,0.0,0.0,63.5,36.3,58.5,12.1,0.0,14.2,2.0,5.0,97.5,0.0,27.8,41.8,45.0,0.0,0.0,0.0,0.6,8.0,0.0,0.0,0.0,0.0,0.0,0.0,0.0,3.2,0.0,18.0,0.0,1.0,9.5
2026-06-12 05:00:00,0.1,0.0,0.4,0.0,0.0,0.0,3.0,17.7,96.0,28.0,9.0,58.6,160.8,128.8,12.5,38.9,8.9,2.0,5.0,90.1,5.0,36.3,41.0,31.0,0.0,0.0,0.0,1.0,0.0,0.0,0.0,0.0,0.0,0.0,0.0,0.0,0.0,5.0,1.0,13.0,1.0,8.8
2026-06-12 05:15:00,0.1,0.0,0.4,0.0,0.0,0.0,1.0,5.0,0.0,2.9,12.0,59.7,121.2,154.3,14.7,24.0,0.0,3.5,34.2,30.0,5.0,39.8,0.0,3.9,0.0,0.0,0.0,1.1,0.0,0.0,0.0,0.0,0.0,0.0,0.0,0.0,0.0,0.0,1.0,13.0,1.0,8.5
2026-06-12 05:30:00,0.2,0.0,0.4,0.0,0.0,0.0,0.3,7.2,0.0,0.0,12.0,56.0,28.6,145.9,13.8,36.4,0.0,2.0,9.4,85.9,5.0,38.7,0.0,4.0,0.0,0.0,0.0,1.1,0.0,0.0,0.0,0.0,0.0,0.0,0.0,0.0,0.0,1.0,1.0,14.8,1.0,8.5
2026-06-12 05:45:00,0.2,0.0,0.5,0.0,0.0,0.0,13.0,7.3,0.0,5.3,12.0,55.4,40.9,79.8,72.6,0.0,0.0,4.0,5.0,89.4,5.0,39.7,29.5,45.1,0.0,0.0,0.0,0.4,0.0,0.0,0.0,0.0,0.0,0.0,0.0,0.0,0.6,0.0,1.0,15.6,1.0,8.8
2026-06-12 06:00:00,0.2,0.0,0.4,0.0,0.0,0.0,1.4,6.9,16.2,25.0,0.1,35.8,67.3,147.2,7.2,55.5,0.0,2.0,15.6,56.6,5.0,34.4,41.0,31.0,0.0,0.0,0.0,0.8,0.0,0.0,0.0,0.0,0.0,0.0,0.0,0.0,0.0,0.0,3.8,0.8,0.5,8.2
2026-06-12 06:15:00,0.1,0.0,0.4,0.0,0.0,0.0,1.4,17.0,2.6,25.0,0.0,56.9,34.9,129.6,5.7,54.0,0.0,4.0,9.4,48.4,5.0,37.6,10.4,10.4,0.0,0.0,0.0,0.8,0.0,0.0,0.0,0.0,0.0,0.0,0.0,0.0,0.0,0.0,0.4,0.4,0.5,8.2
2026-06-12 06:30:00,0.0,0.0,0.3,0.0,0.0,0.0,24.8,14.3,0.0,27.1,0.0,39.7,29.0,109.8,7.4,26.1,0.0,6.0,12.4,46.0,5.0,34.7,38.5,50.7,0.0,0.0,0.0,0.8,0.0,0.0,0.0,0.0,0.0,0.0,0.0,0.0,2.2,0.0,0.0,7.7,0.5,8.5
2026-06-12 06:45:00,0.0,0.0,0.3,0.0,0.0,0.0,39.2,14.9,0.0,25.0,0.0,42.2,36.9,201.3,6.4,33.7,22.0,2.0,11.0,48.2,5.0,31.7,41.6,51.9,0.0,0.0,0.0,0.1,0.0,0.0,0.0,0.0,0.0,0.0,0.0,0.0,0.3,0.0,0.0,15.0,0.5,9.5
2026-06-12 07:00:00,50.0,0.1,0.3,0.0,0.0,0.0,31.2,9.9,0.0,3.0,0.0,63.3,36.6,87.7,3.7,23.8,18.6,2.1,73.2,67.2,0.0,27.6,32.0,27.0,0.0,0.0,0.0,0.3,0.0,0.0,0.0,0.0,0.0,0.0,0.0,0.0,0.0,0.0,1.8,1.8,0.0,8.6
2026-06-12 07:15:00,50.0,0.0,0.2,0.0,0.0,0.0,41.6,14.9,0.0,21.4,0.0,74.7,27.0,77.9,3.7,18.1,17.5,2.0,51.9,184.5,4.0,23.4,32.0,37.0,0.0,0.0,0.0,0.4,0.0,0.0,0.0,0.0,0.2,0.2,0.0,0.0,0.0,0.0,0.0,4.8,0.0,6.8
2026-06-12 07:30:00,50.1,0.0,0.2,0.0,0.0,0.0,36.9,11.7,0.0,15.1,0.0,35.7,27.8,60.0,6.6,6.0,0.0,6.1,67.3,184.5,1.4,42.4,32.0,37.0,0.0,0.0,0.0,0.4,0.0,0.0,0.0,0.0,0.0,0.0,0.0,0.0,0.0,0.0,0.0,4.5,0.0,13.5
2026-06-12 07:45:00,50.1,0.0,0.2,0.0,0.0,0.0,31.3,6.7,0.0,23.8,7.9,25.7,44.0,119.2,4.0,29.1,100.0,7.0,27.0,184.4,7.0,10.2,5.1,15.1,0.0,0.0,0.1,0.0,0.0,0.0,0.0,0.0,0.0,0.0,0.0,0.0,0.0,0.0,0.0,4.3,0.0,0.5
2026-06-12 08:00:00,0.2,49.9,20.2,0.0,0.0,0.0,56.6,4.7,59.2,80.0,0.0,98.5,135.4,119.9,3.4,9.7,9.1,2.0,5.0,198.6,9.0,10.1,1.0,6.0,0.0,0.0,0.0,0.1,0.0,0.0,0.0,0.0,0.0,0.0,0.0,0.0,0.6,0.6,0.0,3.3,0.5,0.0
2026-06-12 08:15:00,0.2,49.9,20.2,0.0,0.0,0.0,46.3,4.2,69.3,80.0,0.0,79.0,125.7,116.6,2.0,1.2,15.4,2.0,5.0,210.5,9.0,5.5,2.7,10.1,0.0,0.0,0.0,0.5,0.0,0.0,0.0,0.0,0.0,0.0,0.0,0.0,0.4,0.4,0.0,11.1,0.5,0.0
2026-06-12 08:30:00,0.1,49.9,20.1,0.0,0.0,0.0,0.7,28.6,40.0,25.2,0.0,36.9,134.6,115.5,1.2,7.0,0.0,7.0,11.8,184.5,16.2,1.0,42.0,37.0,0.0,0.0,0.0,1.1,0.0,0.0,0.0,0.1,0.0,0.0,0.0,0.0,0.6,0.5,1.4,1.4,11.5,0.0
2026-06-12 08:45:00,0.1,49.9,20.1,0.0,0.0,0.0,4.1,56.1,40.0,14.0,0.0,9.2,26.5,81.9,4.4,0.0,28.2,50.1,52.0,30.1,34.3,5.5,82.0,60.9,0.0,0.0,0.5,0.0,0.0,0.0,0.0,0.0,0.0,0.0,0.0,0.2,0.0,1.0,6.6,1.0,14.2,0.0
2026-06-12 09:00:00,0.1,0.0,0.1,0.0,0.0,0.0,64.0,4.4,45.8,80.0,7.0,11.3,114.6,171.4,5.0,0.0,17.2,2.0,66.1,290.6,8.0,15.6,46.6,50.7,0.0,0.0,0.0,0.6,0.0,0.0,0.0,0.0,0.0,0.0,0.0,0.0,5.8,0.0,1.4,1.4,8.8,10.0
2026-06-12 09:15:00,0.1,0.0,0.0,0.0,0.0,0.0,12.1,4.9,42.4,80.0,0.0,20.4,6.1,36.7,5.1,0.0,19.8,0.0,103.5,134.4,40.4,11.0,3.6,5.7,0.0,0.0,8.8,0.0,0.0,0.0,0.0,0.0,0.0,0.0,0.0,0.0,2.1,0.0,16.0,1.0,13.5,5.0
2026-06-12 09:30:00,0.1,0.0,0.0,0.0,0.0,0.0,1.3,5.2,10.0,0.0,0.0,24.8,2.0,18.2,3.1,0.0,18.0,2.0,82.3,154.5,33.4,9.5,11.0,6.7,0.0,0.0,4.3,0.0,0.0,0.0,0.0,0.0,0.0,0.0,0.0,0.0,5.7,0.0,16.0,1.0,14.3,5.0
2026-06-12 09:45:00,0.1,0.0,0.0,0.0,0.0,0.0,1.5,57.2,10.0,20.8,19.9,33.9,1.9,33.6,1.7,0.0,52.0,0.0,84.7,154.4,50.8,9.5,11.7,7.7,0.0,0.0,10.5,0.0,0.0,0.0,0.0,0.0,0.0,0.0,0.0,0.0,6.0,0.0,16.0,1.0,17.3,0.0
2026-06-12 10:00:00,0.1,0.0,0.0,0.0,0.0,0.0,10.2,4.3,0.0,3.4,5.9,15.0,106.5,41.8,0.2,0.0,22.5,0.0,5.7,143.1,32.8,15.6,46.3,41.0,0.0,0.0,0.0,2.7,0.0,0.0,0.0,0.0,0.0,0.0,0.0,0.0,4.7,0.0,21.0,6.0,14.0,16.0
2026-06-12 10:15:00,0.2,0.0,0.0,0.0,0.0,0.0,1.9,11.4,0.0,18.1,63.8,39.1,83.1,27.7,0.0,24.7,0.0,0.0,0.0,142.5,7.9,12.6,0.0,0.0,0.0,0.0,0.0,11.8,0.0,0.1,0.0,0.0,0.1,0.0,0.0,0.0,0.0,0.0,18.0,6.0,4.6,16.0
2026-06-12 10:30:00,0.2,0.0,0.0,0.0,0.0,0.0,3.1,8.9,0.0,0.0,14.4,23.4,77.1,256.0,0.0,4.3,22.5,0.0,2.9,92.5,23.2,11.0,4.0,0.0,0.0,0.0,0.0,5.6,0.0,0.0,0.0,0.0,0.0,0.0,0.0,0.0,0.0,0.0,18.0,6.0,16.2,8.0
2026-06-12 10:45:00,0.2,0.0,0.0,0.0,0.0,0.0,1.0,7.9,0.0,0.0,5.1,18.1,75.2,258.6,0.0,20.1,28.2,0.0,0.0,42.6,7.4,11.0,41.0,23.0,0.0,0.0,0.0,23.9,0.0,0.0,0.0,0.0,0.0,0.0,0.0,0.0,0.0,0.0,21.0,6.0,17.8,8.0
2026-06-12 11:00:00,40.7,0.0,0.0,0.0,0.0,0.0,3.0,22.5,0.0,5.0,31.8,9.3,97.8,185.1,0.0,1.4,0.0,0.1,0.0,117.2,5.6,17.6,36.7,41.0,0.0,0.0,0.0,57.5,0.0,0.0,0.0,0.0,0.0,0.0,0.0,0.0,3.3,0.0,3.0,6.0,0.0,20.5
2026-06-12 11:15:00,19.4,0.0,0.0,0.0,0.0,0.0,0.0,8.0,0.0,10.2,14.9,21.2,77.3,39.1,0.0,28.2,3.1,0.0,0.0,131.9,4.0,18.2,0.0,0.0,0.0,0.0,0.0,141.6,0.0,0.0,0.0,0.0,0.0,0.0,0.0,0.0,0.0,0.0,3.0,6.0,0.0,28.3
2026-06-12 11:30:00,0.0,0.0,0.1,0.0,0.0,0.0,0.0,9.8,0.0,9.5,12.4,19.1,77.7,41.3,2.5,4.7,7.0,0.0,0.0,125.7,4.3,18.3,9.0,0.0,0.0,0.0,0.0,115.4,0.0,0.0,0.0,0.0,0.0,0.0,0.0,0.0,1.3,0.0,24.0,6.0,0.0,20.5
2026-06-12 11:45:00,31.8,0.0,0.1,0.0,0.0,0.0,0.0,18.2,0.0,11.0,10.4,21.1,76.5,151.8,0.0,8.8,0.0,54.0,0.0,137.3,4.0,25.8,41.0,31.0,0.0,0.0,0.0,8.4,0.0,0.0,0.0,0.0,0.0,0.0,0.0,0.0,0.0,3.0,21.0,6.0,0.0,34.0
2026-06-12 12:00:00,0.0,0.0,0.1,0.0,0.0,0.0,0.0,21.6,0.0,3.8,18.5,9.4,87.7,86.2,0.0,9.7,0.0,0.1,50.0,380.9,1.0,45.6,40.0,41.0,0.0,0.0,0.0,78.8,0.0,0.0,0.0,0.0,0.0,0.0,0.0,0.0,0.0,3.0,0.0,8.6,0.0,47.3
2026-06-12 12:15:00,0.0,0.0,0.1,0.0,0.0,0.0,0.1,21.1,0.0,3.6,12.2,16.3,80.0,25.6,0.0,54.9,0.0,0.0,50.0,361.1,5.0,29.0,5.1,3.1,0.0,0.0,0.0,12.4,0.0,0.0,0.0,0.0,0.0,0.0,0.0,0.0,0.0,2.0,0.0,18.0,0.0,46.3
2026-06-12 12:30:00,0.0,0.0,0.1,0.0,0.0,0.0,0.0,13.7,0.0,0.0,14.7,18.8,88.9,41.0,0.0,17.5,1.0,0.0,50.0,359.2,5.0,26.0,41.0,25.0,0.0,0.0,0.0,6.1,0.0,0.0,0.0,0.0,0.0,0.0,0.0,0.0,0.0,1.0,18.0,6.0,0.0,32.6
2026-06-12 12:45:00,0.0,0.0,0.1,0.0,0.0,0.0,0.2,20.1,0.0,0.6,8.0,18.0,88.0,17.4,1.7,2.6,0.0,2.0,50.0,356.3,5.0,24.6,41.0,34.0,0.0,0.0,0.0,20.5,0.0,0.0,0.0,0.0,0.0,0.0,0.0,0.0,0.0,1.1,18.0,6.0,0.0,26.5
2026-06-12 13:00:00,0.0,0.0,0.1,0.0,0.0,0.0,0.8,18.4,0.0,24.8,8.8,14.9,101.5,60.5,2.5,1.0,0.0,0.1,116.3,522.1,42.6,12.4,49.3,44.3,0.0,0.0,19.0,0.0,0.0,0.0,0.0,0.0,2.6,0.0,0.0,0.0,3.0,0.0,6.0,6.0,15.2,13.0
2026-06-12 13:15:00,0.0,0.0,0.1,0.0,0.0,0.0,1.9,9.5,0.0,0.0,8.0,9.9,120.0,39.1,0.0,9.0,0.0,0.0,108.6,537.5,38.5,12.5,19.0,27.0,0.0,0.0,8.9,0.0,0.0,0.0,0.0,0.0,0.0,0.0,0.0,0.0,0.0,0.0,3.0,6.0,16.2,13.0
2026-06-12 13:30:00,0.0,0.1,0.1,0.0,0.0,0.0,2.6,12.7,0.0,0.0,5.0,11.4,78.2,81.7,2.6,0.0,0.0,2.1,120.8,422.6,6.0,44.9,7.5,10.5,0.0,0.0,6.5,0.0,0.0,0.0,0.0,0.0,0.0,0.0,0.0,0.0,0.0,1.0,3.0,6.0,0.0,52.2
2026-06-12 13:45:00,0.0,0.2,0.1,0.0,0.0,0.0,2.7,24.8,29.9,60.0,5.0,11.5,159.3,178.0,1.2,0.0,0.0,15.1,122.6,236.5,6.0,50.4,41.0,44.0,0.0,0.0,0.0,0.0,0.0,0.0,0.0,0.0,0.0,0.0,0.0,0.0,0.0,0.0,3.0,6.0,0.0,52.0
2026-06-12 14:00:00,0.0,0.4,0.1,0.0,0.0,0.0,2.7,7.4,0.0,0.0,5.0,10.2,154.7,151.2,20.0,39.3,0.0,2.2,68.1,274.7,5.0,41.7,41.6,59.2,0.0,0.0,0.9,0.0,2.0,0.0,0.0,0.0,0.0,0.0,0.0,0.0,0.0,0.0,13.4,6.0,0.0,54.0
2026-06-12 14:15:00,0.0,0.5,0.1,0.0,0.0,0.0,2.7,11.3,28.2,0.0,5.0,9.9,148.4,171.6,0.0,35.9,0.0,18.8,68.1,282.3,5.0,37.2,0.0,19.6,0.0,0.0,0.0,0.0,1.0,0.0,0.0,0.0,0.0,0.0,0.0,0.0,0.0,0.0,8.8,6.0,0.0,40.3
2026-06-12 14:30:00,0.0,0.5,0.0,0.0,0.0,0.0,2.7,11.4,32.7,0.0,8.0,12.1,144.6,117.6,0.0,6.8,0.0,18.6,69.5,309.8,5.0,43.3,0.0,34.8,0.0,0.0,0.0,0.2,1.0,0.0,0.0,0.0,0.0,0.0,0.0,0.8,0.0,5.0,13.6,6.0,0.0,31.2
2026-06-12 14:45:00,0.0,0.4,0.0,0.0,0.0,0.0,2.7,12.4,0.0,0.0,9.6,8.9,134.9,44.8,2.5,5.4,2.0,2.2,74.5,282.5,5.0,45.7,32.0,56.8,0.0,0.0,2.4,0.0,1.0,0.0,0.0,5.0,0.0,0.0,0.0,0.0,0.0,9.0,0.0,15.2,0.0,27.0
2026-06-12 15:00:00,0.4,0.4,0.0,0.0,0.0,0.0,4.0,10.6,0.0,1.3,8.0,19.5,166.6,164.4,0.0,6.2,0.0,0.0,44.5,451.5,7.5,42.9,61.0,77.1,0.0,0.0,0.0,0.1,2.0,0.0,0.0,0.0,0.0,0.0,0.0,0.0,2.6,0.6,26.1,6.0,0.0,51.0
2026-06-12 15:15:00,0.3,0.3,0.0,0.0,0.0,0.0,4.0,11.6,0.0,0.0,8.0,16.7,165.2,91.9,7.8,5.0,7.5,0.0,37.8,482.1,6.5,43.0,18.7,41.8,0.0,0.0,0.0,0.2,2.0,0.0,0.0,0.0,0.0,0.0,0.0,0.0,2.8,5.8,0.0,14.8,0.0,50.8
2026-06-12 15:30:00,0.3,0.3,0.0,0.0,0.0,0.0,4.0,13.2,0.0,0.0,5.0,10.3,221.9,107.4,4.6,5.0,2.0,0.0,34.9,464.4,6.0,51.7,0.0,23.8,0.0,0.0,0.0,0.0,2.0,0.0,0.0,0.0,0.0,0.0,0.0,0.0,0.0,13.0,0.0,27.7,0.0,44.8
2026-06-12 15:45:00,0.2,0.2,0.0,0.0,0.0,0.0,7.0,18.9,9.0,0.0,5.5,8.6,210.9,57.1,9.7,7.5,0.0,19.8,38.9,481.6,6.0,45.9,0.0,23.4,0.0,0.0,0.2,0.0,2.0,0.0,0.1,0.0,0.0,0.0,0.0,0.0,0.0,19.0,0.0,25.4,0.0,33.1
2026-06-12 16:00:00,0.0,0.2,0.0,0.0,0.0,0.0,4.2,6.5,0.0,60.7,8.0,22.3,141.6,185.7,0.0,56.6,30.8,0.0,57.6,230.4,1.0,75.7,36.0,41.0,0.0,0.0,0.0,0.0,0.0,0.0,0.1,0.0,0.0,0.0,0.0,0.0,3.1,3.2,6.0,6.0,0.0,42.8
2026-06-12 16:15:00,0.0,0.2,0.1,0.0,0.0,0.0,3.5,11.5,0.0,40.8,8.0,20.6,77.3,123.3,2.6,23.2,2.0,0.0,64.9,233.5,1.0,45.4,0.0,11.8,0.0,0.0,0.0,0.0,5.0,0.0,0.4,0.0,0.0,0.0,0.0,0.0,0.0,6.0,0.0,11.9,0.0,21.0
2026-06-12 16:30:00,0.0,0.1,0.1,0.0,0.0,0.0,2.2,12.6,0.0,53.7,60.6,11.3,20.2,31.0,2.2,40.4,30.2,0.0,61.0,233.4,1.0,50.0,0.0,27.4,0.0,0.0,8.2,0.0,5.0,0.0,0.0,0.0,13.7,0.0,0.0,0.0,0.0,5.0,0.0,21.6,0.0,21.0
2026-06-12 16:45:00,0.0,0.0,0.1,0.0,0.0,0.0,3.9,20.1,0.0,25.2,65.2,12.3,71.2,88.5,4.2,10.9,27.0,0.0,78.5,248.3,1.0,45.0,0.0,24.9,0.0,0.0,0.0,0.6,6.0,0.0,0.6,0.0,0.0,0.0,0.0,0.0,0.0,2.0,0.0,24.3,0.0,21.0
2026-06-12 17:00:00,0.0,40.2,0.1,4.4,0.0,0.0,17.0,3.0,88.4,60.1,5.4,27.3,164.3,187.9,4.9,25.0,74.0,0.0,26.2,162.4,0.0,66.6,41.0,30.8,0.0,0.0,0.0,0.0,0.0,0.0,0.0,4.0,0.0,0.0,0.0,1.2,0.0,0.0,1.0,1.0,0.0,37.7
2026-06-12 17:15:00,0.0,40.2,0.1,4.8,0.0,0.0,19.9,3.0,0.0,52.8,7.1,26.1,39.3,103.4,4.8,0.0,87.1,4.0,53.7,112.4,0.0,42.2,0.0,5.0,0.0,0.0,40.2,0.0,6.0,0.0,0.0,1.6,0.0,0.0,0.0,0.0,0.0,5.1,0.0,15.0,0.0,20.5
2026-06-12 17:30:00,0.0,40.2,0.1,0.0,0.0,0.0,15.9,2.0,0.0,25.0,110.4,44.6,23.2,3.4,4.7,0.0,20.0,0.0,68.0,112.4,0.1,21.8,0.0,27.3,0.0,0.0,36.8,0.0,4.0,0.0,0.0,0.0,0.0,0.0,0.0,0.0,0.0,5.0,0.0,1.8,17.0,20.5
2026-06-12 17:45:00,0.0,0.1,0.1,0.0,0.0,0.0,63.0,9.0,0.0,25.0,108.0,16.5,118.5,17.1,4.2,6.2,20.0,79.8,74.5,37.9,0.0,71.0,27.0,61.2,0.0,0.0,35.5,112.0,2.0,0.0,0.0,0.1,6.9,0.0,0.0,1.3,0.0,3.0,3.4,1.0,0.0,20.5
2026-06-12 18:00:00,0.0,50.0,0.1,0.0,0.0,0.0,8.0,7.0,0.0,0.0,70.1,11.3,37.2,118.7,1.9,68.4,0.0,2.0,97.9,125.0,17.7,17.4,41.0,26.0,0.0,0.0,40.2,112.0,0.0,0.0,0.0,0.0,0.0,0.0,0.0,0.0,0.0,5.0,1.0,1.0,13.2,1.0
2026-06-12 18:15:00,0.0,0.1,0.1,0.0,0.0,0.0,7.4,7.7,3.0,0.0,0.0,19.5,25.1,19.0,3.0,15.9,0.0,2.0,146.7,106.8,6.0,13.5,0.0,5.0,0.0,0.0,33.7,112.0,0.0,0.0,0.0,3.9,0.1,0.0,0.0,0.0,0.0,5.0,1.0,1.0,0.0,1.0
2026-06-12 18:30:00,0.0,0.0,0.0,0.0,0.0,0.0,30.2,13.6,4.2,0.0,3.0,8.4,131.2,41.0,0.3,48.5,0.0,4.0,152.1,105.1,0.0,64.1,0.0,0.0,0.0,0.0,21.4,112.0,0.0,0.0,0.0,5.0,0.0,0.0,0.0,0.0,0.0,5.0,0.0,12.0,0.0,13.8
2026-06-12 18:45:00,0.0,0.0,0.0,0.0,0.0,0.0,47.0,10.9,3.4,0.0,0.0,9.3,168.4,107.7,67.5,0.0,0.0,31.8,157.1,100.0,4.0,19.2,0.0,8.8,0.0,0.0,15.5,112.0,6.0,0.0,0.0,0.0,4.0,0.0,0.0,0.0,0.0,6.0,0.0,1.0,14.0,1.0
2026-06-12 19:00:00,0.0,0.0,0.1,0.1,0.0,0.0,1.5,7.1,25.6,0.0,0.0,18.1,164.1,161.5,2.7,49.7,0.0,21.1,147.9,18.8,11.0,7.6,82.0,42.5,0.0,0.0,9.5,112.0,0.0,0.0,0.0,4.5,0.0,0.0,0.0,0.6,0.0,9.7,1.0,1.0,0.0,0.0
2026-06-12 19:15:00,0.0,0.0,0.1,0.0,0.0,0.0,20.4,12.3,29.2,0.0,9.0,11.5,117.7,190.4,0.0,58.6,0.0,18.7,137.5,25.0,7.0,57.2,1.0,0.0,0.0,0.0,8.2,112.0,2.3,0.0,0.0,3.2,0.1,0.0,0.0,0.0,0.7,5.7,0.0,15.0,0.0,13.5
2026-06-12 19:30:00,0.0,0.0,0.1,0.0,0.0,0.0,25.1,12.3,25.5,0.0,12.0,30.7,176.9,110.5,4.4,0.0,0.0,22.7,136.7,32.5,7.0,65.4,1.0,0.0,0.0,0.0,8.2,112.0,2.0,0.0,0.0,3.6,0.0,0.0,0.0,0.0,0.2,11.2,0.0,15.0,0.0,13.2
2026-06-12 19:45:00,0.0,0.0,0.0,0.0,0.0,0.0,16.9,12.3,36.1,0.0,9.0,16.5,94.8,117.1,38.0,0.0,0.0,25.5,138.1,25.0,7.0,68.4,1.0,0.0,0.0,0.0,15.9,112.0,0.0,0.0,0.0,3.2,0.0,0.0,0.0,0.0,0.0,11.0,0.0,15.0,0.0,13.5
2026-06-12 20:00:00,0.0,0.0,0.0,0.0,0.0,0.0,18.7,6.9,26.7,0.0,15.0,6.4,66.3,120.6,61.9,0.0,0.0,22.8,88.1,25.0,49.9,8.5,0.0,8.0,0.0,0.0,10.3,112.0,0.0,0.0,0.0,1.7,0.0,0.0,0.0,0.0,0.0,1.0,0.0,1.0,11.5,0.0
2026-06-12 20:15:00,0.0,0.0,0.0,0.0,0.0,0.0,25.5,11.9,29.3,0.0,27.0,9.3,67.3,91.6,58.0,0.0,0.0,23.1,88.7,25.0,46.0,6.9,0.0,8.0,0.0,0.0,11.2,112.0,0.0,0.0,0.0,1.3,0.0,0.0,0.0,0.0,0.0,7.0,0.0,6.4,11.5,0.0
2026-06-12 20:30:00,0.0,0.0,0.0,0.0,0.0,0.0,18.7,6.9,30.4,30.0,8.0,18.9,109.2,47.4,6.4,0.0,0.0,19.5,19.7,25.0,24.4,7.2,32.0,30.4,0.0,0.0,0.0,127.7,0.0,0.0,0.0,0.0,0.0,0.0,0.0,0.0,0.0,11.6,0.0,15.0,11.5,0.0
2026-06-12 20:45:00,0.0,0.0,0.0,0.0,0.0,0.0,23.0,6.5,0.0,2.2,17.0,9.1,149.2,130.4,4.7,8.0,0.0,24.6,21.3,25.0,31.2,7.2,33.0,34.9,0.0,0.0,0.0,119.0,0.0,0.0,0.0,0.0,0.0,0.0,0.0,0.0,0.0,8.1,7.8,1.0,12.2,0.0
2026-06-12 21:00:00,1.8,0.0,0.0,0.0,0.0,0.0,11.5,4.9,21.1,0.0,96.5,13.2,69.8,46.3,1.8,46.1,0.0,27.9,209.4,20.0,6.0,3.8,18.1,41.0,0.0,0.0,48.4,112.0,0.0,0.0,0.0,0.0,6.0,0.0,0.0,0.0,0.0,0.0,0.0,18.0,1.0,0.0
2026-06-12 21:15:00,1.8,0.0,0.0,0.0,0.0,0.0,8.0,3.7,25.9,28.5,102.8,13.2,87.5,47.7,1.5,29.8,0.0,26.1,183.9,26.5,6.0,7.2,22.1,41.0,0.0,0.0,56.7,112.0,0.0,0.0,0.0,0.0,41.0,0.0,0.0,0.0,2.0,0.0,4.2,1.0,1.0,4.0
2026-06-12 21:30:00,1.8,0.0,0.0,0.0,0.0,0.0,0.8,4.2,25.1,52.2,106.8,15.2,96.2,90.5,4.3,0.0,0.0,24.3,212.4,0.0,6.6,0.2,0.0,8.6,0.0,0.0,9.2,112.0,0.0,0.0,0.0,0.0,0.0,0.0,0.0,0.0,0.0,3.4,14.0,1.0,6.0,0.0
2026-06-12 21:45:00,1.8,0.0,0.0,0.1,0.0,0.0,4.0,3.7,27.0,60.0,130.7,37.2,117.6,41.4,1.5,26.9,0.0,28.0,78.1,27.4,4.9,25.2,41.0,39.3,0.0,0.0,58.2,112.0,0.0,0.0,0.0,0.0,41.0,0.0,0.0,0.0,0.0,3.5,15.0,1.0,1.0,13.0
2026-06-12 22:00:00,0.0,0.8,0.1,0.1,0.0,0.0,1.6,5.7,6.7,0.0,37.6,10.0,71.6,90.2,2.6,18.5,0.0,32.4,204.4,21.7,1.0,30.8,22.8,41.0,3.6,0.0,60.3,112.0,0.0,0.0,0.0,0.0,24.8,0.0,0.0,0.0,9.0,0.0,1.0,0.9,1.0,13.0
2026-06-12 22:15:00,0.0,0.8,0.0,0.0,0.0,0.0,0.6,7.2,12.5,0.0,33.2,10.6,67.4,71.2,2.7,7.8,0.0,4.0,207.4,16.9,1.0,33.8,0.0,5.9,2.5,0.0,61.2,112.0,0.0,0.0,0.0,0.0,24.8,0.0,0.0,0.0,0.0,3.3,1.0,0.9,1.0,12.0
2026-06-12 22:30:00,0.0,0.8,0.0,0.0,0.0,0.0,2.6,5.0,0.0,60.0,12.1,15.2,67.3,32.9,2.0,12.0,0.0,26.5,204.4,15.1,1.0,32.0,1.0,1.7,2.8,0.0,61.5,112.0,0.0,0.0,0.0,0.5,24.8,0.0,0.0,0.0,0.0,3.5,15.0,0.0,1.0,12.2
2026-06-12 22:45:00,0.0,0.8,0.0,0.0,0.0,0.0,14.8,4.3,21.5,60.0,58.4,10.0,80.1,109.7,2.4,8.0,50.0,28.5,210.5,11.1,7.9,18.7,41.0,33.4,0.0,0.0,0.0,141.5,0.0,0.0,0.0,0.6,0.0,0.0,0.0,0.0,2.0,3.8,15.0,0.0,1.0,12.2
2026-06-12 23:00:00,0.0,0.0,0.0,0.0,0.0,0.0,0.0,20.0,25.8,60.0,79.3,0.0,29.3,10.2,0.1,39.8,0.0,4.3,209.4,1.1,7.0,24.6,8.0,34.0,3.9,0.0,68.2,112.0,0.0,0.1,0.0,0.0,1.9,0.0,0.0,0.0,11.0,0.0,1.0,1.0,1.0,10.2
2026-06-12 23:15:00,0.0,0.0,0.0,0.0,0.0,0.0,0.7,7.7,22.3,0.0,82.9,0.0,30.8,27.4,1.1,26.1,0.0,22.7,197.3,24.1,9.9,31.5,0.0,0.4,7.0,0.0,68.6,112.0,6.0,0.0,0.0,0.0,1.9,0.0,0.0,0.0,0.0,4.6,16.2,0.0,1.0,10.2
2026-06-12 23:30:00,0.0,0.0,0.0,0.0,0.0,0.0,1.8,0.0,3.9,0.0,27.8,4.2,29.3,12.5,1.5,16.0,0.0,9.4,209.4,12.2,7.0,30.6,0.0,0.0,8.5,0.0,71.6,112.0,0.0,0.0,0.0,0.5,1.9,0.0,0.0,0.0,0.1,5.1,17.8,0.0,1.0,10.8
2026-06-12 23:45:00,0.0,0.0,0.1,0.0,0.0,0.0,3.3,29.6,3.5,0.0,37.6,3.3,32.6,59.3,2.3,5.0,0.0,2.0,109.3,25.0,11.0,14.5,5.5,0.0,7.9,0.0,68.4,112.0,0.0,0.0,0.0,0.3,12.7,0.0,0.0,0.0,0.0,5.5,18.0,0.0,1.0,9.5
2026-06-13 00:00:00,0.0,0.0,8.0,0.4,0.0,0.0,23.8,1.6,1.0,0.0,30.6,13.9,232.9,32.8,2.0,7.0,12.0,0.0,64.0,0.0,35.2,2.0,14.2,0.0,0.0,0.0,0.0,13.3,0.0,0.0,0.0,0.0,0.0,0.0,0.0,0.0,0.1,29.3,4.0,4.0,6.8,1.0
2026-06-13 00:15:00,0.0,0.0,8.1,0.3,0.0,0.0,1.0,5.8,1.0,0.0,28.1,19.8,159.6,0.9,2.0,11.7,10.4,0.0,54.6,0.0,30.3,5.1,12.1,0.0,0.0,0.0,6.6,2.7,3.0,0.0,0.0,0.0,0.0,0.0,0.0,0.0,0.0,27.1,3.0,3.0,6.8,6.0
2026-06-13 00:30:00,0.0,0.0,8.2,0.3,0.0,0.0,1.0,12.9,11.4,0.0,16.4,21.5,53.6,7.0,10.0,0.8,11.6,10.5,32.1,2.5,11.0,2.0,14.5,0.0,0.0,0.0,1.5,0.0,10.0,0.0,0.0,0.0,0.0,0.0,0.0,0.0,0.0,19.5,4.8,4.8,6.7,6.0
2026-06-13 00:45:00,0.0,0.0,8.2,0.3,0.0,0.0,1.0,7.6,1.0,0.0,36.1,18.4,74.1,27.4,4.0,1.2,0.0,32.8,16.6,20.0,10.6,9.1,16.7,0.0,0.0,0.0,0.0,0.0,10.0,0.0,0.0,0.0,0.0,0.0,0.0,0.0,0.0,6.7,4.5,4.6,0.0,12.3
2026-06-13 01:00:00,0.0,0.0,8.0,0.2,0.0,0.0,0.0,6.8,1.0,0.0,49.2,16.5,94.9,30.9,0.0,5.4,0.0,61.9,57.0,0.0,27.7,1.0,11.8,0.0,0.0,0.0,0.8,0.0,0.0,0.0,0.0,4.0,0.0,0.0,0.0,0.0,0.0,26.8,4.8,4.9,7.2,6.0
2026-06-13 01:15:00,0.0,0.0,8.2,0.2,0.0,0.0,0.0,7.4,1.0,0.0,54.6,32.1,32.0,24.0,0.0,2.8,0.0,55.7,31.8,0.0,16.0,1.0,12.7,0.0,0.0,0.0,0.0,0.0,0.0,0.0,0.0,0.0,0.0,0.0,0.0,0.0,0.0,22.7,11.1,0.0,7.6,6.0
2026-06-13 01:30:00,0.0,0.0,8.2,0.2,0.0,0.0,0.0,2.4,1.0,0.0,56.1,17.5,19.2,26.0,0.0,3.3,0.0,59.0,19.0,18.0,9.0,4.1,9.3,0.0,0.0,0.0,0.0,45.8,0.0,0.0,0.0,0.0,0.0,0.0,0.0,0.0,0.0,19.3,11.1,0.0,0.0,1.0
2026-06-13 01:45:00,0.0,0.0,8.2,0.1,0.0,0.0,0.0,1.4,1.0,0.0,55.2,43.7,32.4,88.2,4.7,1.7,0.0,40.1,39.8,12.0,22.6,1.0,11.0,0.0,0.0,0.0,0.0,0.9,0.0,0.0,0.0,0.0,0.0,0.0,0.0,0.0,0.0,1.2,12.6,0.0,8.6,1.0
2026-06-13 02:00:00,0.0,0.0,4.1,0.1,0.0,0.0,0.0,4.9,1.0,0.0,0.1,44.7,52.5,18.3,0.0,7.4,0.0,57.9,59.1,15.7,4.0,5.0,32.0,11.4,0.0,0.0,2.3,0.0,0.0,0.0,0.0,4.9,0.0,0.0,0.0,0.0,0.0,30.7,11.6,0.0,1.0,0.0
2026-06-13 02:15:00,0.0,0.0,4.1,0.1,0.0,0.0,0.7,4.9,1.0,0.0,0.2,77.1,46.1,13.0,0.2,2.6,10.0,41.0,62.1,14.5,5.6,2.0,32.0,13.2,0.0,0.0,0.0,0.0,0.0,0.0,0.0,4.9,0.0,0.0,0.0,0.0,0.0,26.1,11.8,0.0,1.0,0.0
2026-06-13 02:30:00,0.0,0.0,4.2,0.1,0.0,0.0,1.0,4.2,6.1,0.0,8.8,59.1,44.8,15.5,0.0,3.4,14.2,42.0,66.9,25.0,8.6,2.0,4.0,9.0,0.0,0.0,0.0,0.0,0.0,0.0,0.0,0.0,0.0,0.0,0.0,0.0,0.0,5.1,11.8,0.0,1.0,0.0
2026-06-13 02:45:00,0.0,0.0,4.3,0.0,0.0,0.0,1.1,2.2,1.0,0.0,10.1,70.3,55.3,20.0,0.0,3.8,17.8,44.0,63.0,21.4,14.6,2.0,10.0,10.0,0.0,0.0,0.0,4.3,0.0,0.0,0.0,0.0,0.0,0.0,0.0,0.0,0.0,5.1,12.2,0.0,1.0,5.0
2026-06-13 03:00:00,0.1,0.0,3.9,0.0,0.0,0.0,0.0,10.9,1.0,0.0,0.1,32.9,148.8,66.7,0.0,4.5,0.0,24.3,31.5,37.4,8.5,20.6,42.0,30.3,0.0,0.0,0.0,29.6,0.0,0.0,0.0,4.9,0.0,0.0,0.0,0.0,0.0,19.0,10.8,1.0,1.0,13.1
2026-06-13 03:15:00,0.1,0.0,4.1,0.0,0.0,0.0,0.0,11.9,3.5,0.0,7.0,28.7,135.5,63.7,0.0,3.0,0.0,4.0,31.6,25.0,10.1,8.8,1.0,0.0,0.0,0.0,0.0,27.9,0.0,0.0,0.0,4.9,0.0,0.0,0.0,0.0,0.0,8.1,11.5,1.0,1.0,12.5
2026-06-13 03:30:00,0.1,0.0,4.1,0.0,0.0,0.0,0.0,5.3,1.3,0.0,0.1,29.6,135.5,61.5,0.0,1.4,0.0,4.0,34.4,43.8,10.0,21.1,0.0,0.0,0.0,0.0,0.0,34.3,2.0,0.0,0.0,0.0,0.0,0.0,0.0,0.0,0.0,4.1,10.8,1.0,1.0,13.1
2026-06-13 03:45:00,0.1,0.0,4.2,0.0,0.0,0.0,0.0,9.5,1.0,0.0,0.1,52.3,176.1,62.3,0.0,1.7,10.6,4.0,34.4,65.1,9.9,25.7,15.9,0.0,0.0,0.0,0.0,33.6,6.0,0.0,0.1,0.0,0.0,0.0,0.0,0.0,0.0,0.0,12.6,1.0,1.0,8.3
2026-06-13 04:00:00,0.1,0.0,3.6,0.0,0.0,0.0,7.8,4.4,0.0,1.0,13.2,49.3,240.5,141.2,15.2,2.5,9.9,52.2,1.0,29.4,9.1,7.7,42.0,26.4,0.0,0.0,0.0,7.2,0.0,0.0,0.0,5.0,7.6,0.0,0.0,0.0,0.0,19.7,11.9,1.0,1.0,0.0
2026-06-13 04:15:00,0.1,0.0,3.6,0.0,0.0,0.0,0.0,11.1,0.0,1.0,0.1,42.4,198.7,33.3,17.1,2.5,0.0,54.0,8.5,61.1,12.1,27.9,9.0,0.0,0.0,0.0,0.0,12.2,10.0,0.0,0.0,4.9,7.4,0.0,0.0,0.0,0.0,16.2,11.9,1.0,1.0,8.6
2026-06-13 04:30:00,0.1,0.0,3.7,0.0,0.0,0.0,0.0,10.5,0.0,1.0,6.2,59.5,164.2,26.6,1.3,2.5,0.0,54.0,11.5,63.1,15.1,27.2,0.0,0.0,0.0,0.0,0.0,16.6,10.0,0.0,0.0,0.0,0.0,0.0,0.0,0.0,0.0,0.2,12.4,1.0,1.0,8.6
2026-06-13 04:45:00,0.1,0.0,3.8,0.0,0.0,0.0,0.2,9.1,0.0,1.0,0.1,64.7,143.5,33.2,3.2,2.5,2.6,52.0,8.5,68.1,12.0,31.0,37.6,42.3,0.0,0.0,0.0,18.7,10.0,0.0,0.1,0.0,0.0,0.0,0.0,0.0,0.0,0.1,13.0,1.0,1.0,8.6
2026-06-13 05:00:00,0.1,0.0,0.0,0.0,0.0,0.0,23.5,2.5,13.2,0.0,3.1,53.1,223.8,65.0,22.6,5.0,12.4,26.6,62.3,19.2,13.6,6.0,70.3,34.7,0.0,0.0,0.0,5.9,0.0,0.0,0.0,18.2,0.0,0.0,0.0,0.0,0.0,22.5,3.4,3.4,0.0,0.0
2026-06-13 05:15:00,0.2,0.0,0.2,0.0,0.0,0.0,10.4,6.5,12.2,0.0,0.1,35.6,108.6,38.9,29.3,5.0,11.9,51.0,59.5,51.5,12.1,25.9,72.3,34.2,0.0,0.0,0.0,22.8,0.0,0.0,0.0,15.5,0.0,0.0,0.0,0.0,0.0,21.8,5.2,2.3,0.0,7.6
2026-06-13 05:30:00,0.2,0.0,0.2,0.0,0.0,0.0,0.1,6.8,12.6,0.0,0.2,51.9,103.7,37.1,10.2,5.0,14.2,50.1,59.5,54.5,12.0,29.6,4.0,14.2,0.0,0.0,0.0,7.6,10.0,0.0,0.0,0.0,0.0,0.0,0.0,0.0,0.0,0.0,0.0,5.5,0.0,7.6
2026-06-13 05:45:00,0.2,0.0,0.5,0.0,0.0,0.0,3.5,9.1,1.0,0.0,0.1,43.7,147.2,140.1,9.0,19.0,20.0,81.8,62.6,45.2,9.1,8.0,10.1,15.3,0.0,0.4,0.0,4.6,10.0,0.0,0.0,0.0,0.4,0.0,0.0,0.0,0.0,0.0,0.0,4.1,0.0,2.5
2026-06-13 06:00:00,0.2,0.0,0.4,0.0,0.0,0.0,0.0,4.2,0.0,20.2,0.1,35.1,30.3,97.4,4.0,10.0,5.9,64.1,36.9,0.0,26.9,2.0,1.3,6.4,0.0,0.0,71.7,205.0,10.0,0.0,0.0,0.0,86.7,0.0,0.0,0.0,0.0,5.0,4.3,1.3,7.9,0.0
2026-06-13 06:15:00,0.2,0.0,0.3,0.0,0.0,0.0,5.1,7.5,0.0,21.4,0.1,36.0,104.9,73.0,2.9,10.0,0.0,122.6,36.2,100.0,28.7,2.0,31.9,0.0,0.0,0.0,22.5,93.0,27.0,0.0,6.0,0.0,147.0,0.0,0.0,0.0,0.0,0.0,12.8,1.0,7.9,0.0
2026-06-13 06:30:00,0.2,0.0,0.0,0.0,0.0,0.0,0.0,9.0,0.0,17.7,0.4,18.0,29.7,73.0,10.4,10.0,0.0,66.9,9.7,117.1,11.5,3.5,1.3,3.5,0.0,0.0,3.3,0.0,30.4,0.0,6.0,0.0,91.0,0.0,0.0,0.0,0.0,0.0,2.7,1.0,5.1,0.0
2026-06-13 06:45:00,0.3,0.0,0.0,0.0,0.0,0.0,0.6,15.3,0.0,0.0,5.1,11.0,69.8,93.0,3.9,10.0,0.0,62.0,11.8,119.0,3.8,6.0,1.3,1.8,0.0,0.0,0.0,0.0,16.5,0.0,0.0,0.0,91.0,0.0,0.0,0.0,0.0,9.1,0.0,9.7,0.5,0.0
2026-06-13 07:00:00,0.3,0.0,1.6,0.0,0.0,0.0,3.6,2.4,0.0,3.1,0.2,22.5,74.4,156.0,13.7,7.5,15.7,60.0,34.6,100.0,33.2,1.0,26.4,42.5,0.0,0.0,15.1,0.0,10.0,0.0,5.0,0.0,49.7,0.0,0.0,0.0,0.0,0.0,15.1,1.0,10.6,0.5
2026-06-13 07:15:00,0.3,0.0,1.1,0.0,0.0,0.0,0.8,7.0,0.0,1.8,0.1,17.7,21.2,109.9,0.0,10.4,22.8,0.0,13.3,0.0,7.0,6.5,0.0,5.3,0.0,0.0,0.0,0.0,10.2,0.0,0.0,0.0,0.0,0.0,0.0,0.0,0.0,7.1,0.0,7.6,0.0,0.5
2026-06-13 07:30:00,0.3,0.0,0.6,0.0,0.0,0.0,1.6,5.0,0.0,9.1,0.1,18.6,29.2,117.4,0.0,12.3,81.9,0.0,15.7,0.0,10.1,11.7,42.0,4.7,0.0,1.0,0.0,4.3,0.0,0.0,0.0,0.0,0.0,0.0,0.0,0.0,0.0,5.1,0.0,11.4,0.0,5.4
2026-06-13 07:45:00,0.0,0.0,0.0,0.0,0.0,0.0,4.7,5.0,0.0,30.7,0.1,65.8,25.7,168.6,0.0,25.9,89.0,0.0,315.6,12.8,10.1,19.6,42.0,34.1,0.0,1.0,0.0,7.5,0.0,0.0,0.0,113.3,0.0,4.6,0.0,0.0,0.0,6.3,0.0,25.3,0.0,11.0
2026-06-13 08:00:00,0.0,0.1,0.0,0.0,0.0,0.0,4.1,13.1,1.0,25.8,0.0,196.0,42.8,221.1,1.0,17.4,87.3,0.0,116.6,0.0,10.9,9.9,0.0,40.1,0.0,1.0,0.0,5.0,0.0,3.0,0.0,226.2,0.0,6.8,0.0,0.0,0.0,4.8,0.0,27.3,1.0,13.2
2026-06-13 08:15:00,0.0,0.2,0.0,0.0,0.0,0.0,4.0,5.5,1.0,14.8,0.0,163.5,18.1,166.7,1.0,13.6,82.1,0.0,107.0,18.3,2.1,7.0,0.0,38.8,0.0,1.0,0.0,49.2,0.0,0.0,0.0,218.7,0.0,0.0,0.0,0.0,0.0,4.4,0.0,22.7,1.0,10.1
2026-06-13 08:30:00,0.0,0.2,0.0,0.0,0.0,0.0,1.1,4.7,1.0,5.7,4.3,140.2,156.4,157.1,23.9,18.8,79.4,4.0,107.1,3.6,4.6,7.0,0.0,17.7,0.0,0.0,0.0,46.5,0.0,0.0,0.0,0.0,10.0,0.0,0.0,0.0,0.0,1.7,0.0,25.3,1.0,10.1
2026-06-13 08:45:00,0.0,0.0,0.0,0.0,0.0,0.0,11.3,4.0,1.0,0.0,0.0,142.3,368.0,194.3,19.3,22.7,60.0,10.0,114.6,8.3,10.4,7.0,8.8,1.3,0.0,0.0,0.0,15.8,0.0,0.0,0.0,0.0,10.0,0.0,0.0,0.0,0.0,1.6,0.0,9.5,1.0,0.0
2026-06-13 09:00:00,0.3,0.0,0.1,0.0,0.0,0.0,5.9,11.6,1.0,0.0,7.0,12.8,176.2,26.4,21.7,8.1,60.0,12.1,13.6,0.0,8.0,12.0,0.0,5.3,0.0,0.0,0.2,0.0,0.0,5.0,0.0,0.0,15.0,0.0,0.0,0.0,0.0,8.1,0.0,8.4,1.0,0.2
2026-06-13 09:15:00,0.4,0.0,0.2,0.0,0.0,0.0,2.8,4.0,1.0,13.6,0.1,15.1,198.2,25.6,22.9,11.0,64.8,26.7,13.6,0.4,17.7,11.9,18.5,47.2,0.0,0.0,0.7,0.0,0.0,4.5,4.7,0.0,14.7,0.0,0.0,0.0,0.0,0.0,7.3,2.6,4.2,0.0
2026-06-13 09:30:00,0.3,0.0,0.8,0.0,0.0,0.0,6.8,3.0,1.0,0.0,0.1,28.5,447.9,49.7,24.5,10.8,60.0,27.6,10.5,15.3,36.8,5.0,17.4,43.3,0.0,0.0,6.5,0.0,0.0,7.1,8.9,0.0,17.1,0.0,0.0,0.0,0.0,0.0,5.9,3.1,2.2,0.0
2026-06-13 09:45:00,0.3,0.0,1.3,0.0,0.0,0.0,3.1,12.1,1.0,7.9,0.1,51.0,521.9,55.5,25.5,11.3,20.9,22.4,9.1,4.5,43.5,5.0,12.0,1.3,0.0,0.0,8.0,0.0,0.0,8.1,5.9,0.0,18.3,0.0,0.0,0.0,0.0,0.0,0.8,7.0,1.0,0.0
2026-06-13 10:00:00,0.2,0.0,0.0,0.0,0.0,0.0,4.8,18.5,1.0,4.2,0.1,26.5,513.3,29.2,26.0,16.7,0.0,16.9,11.6,0.0,34.9,5.0,0.0,8.7,0.0,0.0,10.3,0.0,0.0,6.2,0.0,0.0,16.2,0.0,0.0,0.0,0.0,13.5,1.0,18.5,1.0,8.8
2026-06-13 10:15:00,0.2,0.0,0.3,0.0,0.0,0.0,1.8,8.1,1.0,8.5,0.1,29.3,499.4,43.7,26.3,14.4,0.0,11.5,11.6,0.0,38.7,5.0,32.0,32.4,0.0,0.0,9.9,0.0,0.0,8.3,0.0,8.0,18.3,0.0,0.0,0.0,0.0,8.1,1.0,25.1,1.0,11.9
2026-06-13 10:30:00,0.2,0.0,0.5,0.0,0.0,0.0,1.9,5.7,1.0,8.5,0.1,31.9,503.2,62.2,26.7,19.4,0.0,9.9,11.6,4.8,37.4,5.0,0.0,12.9,0.0,0.0,9.6,0.0,0.0,11.4,0.0,0.0,21.4,0.0,0.0,0.0,0.0,11.3,2.6,14.4,1.0,1.0
2026-06-13 10:45:00,0.3,0.0,0.8,0.0,0.0,0.0,3.5,3.0,1.0,9.9,10.4,37.3,518.4,101.4,32.7,24.6,0.0,4.0,17.6,8.8,44.4,5.0,5.3,11.7,0.0,0.0,11.3,0.0,0.0,21.2,3.0,0.0,31.2,0.0,0.0,0.0,0.0,4.0,2.6,12.5,1.0,0.0
2026-06-13 11:00:00,0.3,0.0,0.0,0.0,0.0,0.0,1.6,16.1,1.0,11.2,0.3,36.0,365.2,47.0,29.2,23.4,0.0,13.8,4.5,0.0,35.4,5.0,0.0,13.3,0.0,0.0,7.4,0.0,0.0,25.5,0.0,0.0,35.5,0.0,0.0,0.0,0.0,8.0,1.0,22.5,0.0,12.2
2026-06-13 11:15:00,0.3,0.0,0.4,0.0,0.0,0.0,1.6,10.9,1.0,11.4,0.3,40.9,340.6,85.4,29.7,20.9,0.0,11.7,7.6,0.0,37.4,5.0,0.0,13.7,0.0,0.0,12.2,0.0,0.0,17.0,0.0,0.0,27.0,0.0,0.0,0.0,0.0,8.0,1.0,25.6,0.0,12.4
2026-06-13 11:30:00,0.3,0.0,1.0,0.0,0.0,0.0,1.8,15.0,1.0,12.1,0.3,46.3,358.5,90.9,30.2,23.2,0.0,10.0,7.5,0.6,39.8,5.0,2.0,9.0,0.0,0.0,12.4,0.0,0.0,12.1,2.0,0.0,22.1,0.0,0.0,0.0,0.0,3.9,1.0,14.6,0.0,13.2
2026-06-13 11:45:00,0.3,0.0,1.4,0.0,0.0,0.0,1.9,13.8,1.0,13.8,0.3,45.1,87.3,100.3,38.7,24.9,0.0,10.6,19.5,0.0,46.9,5.0,0.0,1.7,0.0,0.0,2.2,0.0,0.0,8.8,12.4,0.0,18.8,0.0,0.0,0.0,0.0,0.2,2.7,12.3,0.0,13.8
2026-06-13 12:00:00,0.4,0.0,2.8,0.0,0.0,0.0,4.1,2.0,0.0,15.1,0.3,67.4,172.0,94.1,30.1,21.8,0.0,4.1,1.7,15.6,31.9,5.0,1.0,17.2,0.0,0.0,7.5,0.0,0.0,0.0,28.0,0.0,10.0,0.0,0.0,0.0,0.0,3.0,0.0,18.1,0.0,12.8
2026-06-13 12:15:00,0.4,0.0,2.8,0.0,0.0,0.0,1.3,8.9,0.0,15.1,0.3,68.4,322.3,97.5,30.3,19.0,0.0,7.3,3.4,9.4,37.5,5.0,0.0,16.2,0.0,0.0,19.4,0.0,1.9,0.0,12.8,0.0,0.2,0.0,0.0,0.0,0.0,10.7,0.0,30.5,0.0,12.6
2026-06-13 12:30:00,0.4,0.0,3.1,0.0,0.0,0.0,2.0,7.1,0.0,17.3,0.3,72.7,346.0,105.9,30.4,22.9,0.0,3.4,1.1,12.7,35.8,9.4,0.0,8.5,0.0,0.0,19.2,0.0,3.2,0.0,7.0,0.0,13.8,0.0,0.0,0.0,0.0,10.7,0.0,28.7,0.0,12.4
2026-06-13 12:45:00,0.4,0.0,3.4,0.0,0.0,0.0,2.7,7.5,0.0,18.5,0.3,57.1,29.2,81.1,30.4,23.8,0.0,5.0,3.1,9.4,42.1,9.4,0.0,11.8,0.0,0.0,31.1,0.0,4.3,0.0,5.0,0.0,15.6,0.0,0.0,0.0,0.0,0.0,0.0,29.7,0.0,12.2
2026-06-13 13:00:00,0.4,0.0,3.3,0.0,0.0,0.0,8.2,4.0,0.0,16.4,0.3,54.8,59.6,68.5,46.1,19.6,0.0,4.8,6.6,25.8,43.9,5.0,0.5,9.2,0.0,0.0,0.0,3.0,21.4,0.0,12.3,0.0,15.3,0.0,0.0,0.0,0.0,12.7,0.0,28.9,0.0,12.2
2026-06-13 13:15:00,0.4,0.0,3.7,0.0,0.0,0.0,5.1,4.5,0.0,17.6,0.3,74.5,153.0,87.1,40.8,15.0,0.0,4.4,2.0,22.8,39.0,9.4,4.5,16.6,0.0,0.0,0.0,7.9,21.4,0.0,0.0,0.0,15.2,0.0,0.0,0.0,0.0,8.9,0.0,30.1,0.0,12.9
2026-06-13 13:30:00,0.4,0.0,4.2,0.0,0.0,0.0,2.9,4.8,0.0,18.8,0.0,65.9,31.4,71.5,25.9,19.4,0.0,2.0,2.0,31.1,38.4,9.4,0.5,13.1,0.0,0.0,0.0,6.5,16.3,0.0,0.0,0.0,15.2,0.0,0.0,0.0,0.0,5.1,0.0,30.1,0.0,12.9
2026-06-13 13:45:00,0.4,0.0,4.6,0.0,0.0,0.0,4.1,10.0,0.0,18.5,0.0,68.3,70.5,90.6,40.8,17.9,0.0,4.0,2.0,37.9,37.0,9.4,26.6,42.6,0.0,0.0,0.0,10.1,5.5,0.0,0.8,0.0,15.2,0.0,0.0,0.0,0.0,0.0,0.0,24.1,0.0,13.5
2026-06-13 14:00:00,0.5,0.0,5.2,0.0,0.0,0.0,4.6,11.8,1.0,19.2,0.0,77.1,179.4,79.7,39.7,16.0,20.0,4.2,1.0,13.8,7.3,5.0,42.0,51.6,0.0,0.0,0.8,0.0,19.5,0.0,13.2,0.0,28.0,0.0,0.0,0.0,2.0,0.3,1.0,30.2,0.0,14.0
2026-06-13 14:15:00,0.6,0.0,5.0,0.0,0.0,0.0,4.7,15.6,1.0,19.3,0.0,76.2,189.9,72.5,39.6,16.7,20.0,2.0,1.0,9.3,7.2,5.0,8.0,21.6,0.0,7.0,0.8,0.0,9.4,0.0,0.0,0.5,34.4,0.0,0.0,0.0,0.0,0.0,1.0,31.2,0.0,14.2
2026-06-13 14:30:00,0.6,0.0,5.0,0.1,0.0,0.0,4.6,8.9,1.0,26.2,0.0,75.9,145.9,81.4,39.5,22.5,4.0,2.0,1.0,9.4,18.0,5.0,14.4,27.9,0.0,7.0,0.8,0.0,4.5,0.0,0.0,0.0,34.2,0.0,0.0,0.0,3.4,0.0,1.0,30.2,0.0,14.4
2026-06-13 14:45:00,0.6,0.0,5.1,0.2,0.0,0.0,8.8,8.0,1.0,18.9,0.0,65.5,238.4,74.7,29.2,22.5,0.0,2.5,1.0,9.5,12.0,5.0,28.5,42.0,0.0,7.0,0.8,0.0,4.6,0.0,0.0,0.0,34.0,0.0,0.0,0.0,4.5,0.0,1.0,30.6,0.0,14.2
2026-06-13 15:00:00,0.6,0.0,2.8,0.2,0.0,0.0,5.0,6.2,1.0,15.1,0.0,60.1,174.9,68.9,34.9,22.3,20.0,12.2,2.2,34.2,22.0,5.0,42.3,42.5,0.0,0.0,0.0,0.0,16.5,0.0,26.9,0.0,17.4,0.0,0.0,0.0,4.3,0.0,1.0,7.6,0.0,14.0
2026-06-13 15:15:00,0.6,0.0,2.6,0.2,0.0,0.0,4.3,12.3,1.0,15.1,0.0,48.5,124.4,77.8,44.4,24.7,20.0,9.9,2.0,38.2,15.0,5.0,42.3,42.3,0.0,0.0,0.0,5.4,17.0,0.0,0.0,0.0,22.1,0.0,0.0,0.0,4.0,3.0,1.0,19.8,0.0,13.8
2026-06-13 15:30:00,0.6,0.0,2.3,0.2,0.0,0.0,7.9,8.0,1.0,16.2,0.0,59.1,354.4,84.8,28.8,23.5,0.0,10.2,2.0,38.5,2.1,7.1,0.3,0.0,0.0,0.0,0.0,5.7,31.0,0.0,0.0,0.0,18.0,0.0,0.0,0.0,0.0,6.0,1.0,23.1,0.0,14.0
2026-06-13 15:45:00,0.6,0.0,1.9,0.1,0.0,0.0,8.4,7.1,1.0,13.8,0.3,42.1,283.4,70.7,28.4,24.9,0.0,10.6,2.0,40.5,2.1,13.1,28.0,34.0,0.0,0.0,0.0,5.9,32.4,0.0,0.0,5.0,17.7,0.0,0.0,0.0,5.5,8.0,1.0,25.6,0.0,14.8
2026-06-13 16:00:00,0.6,0.0,2.0,0.1,0.0,0.0,10.6,3.0,1.0,7.4,0.3,36.1,244.2,90.7,40.8,26.7,10.6,3.2,1.0,29.3,7.1,9.1,42.0,44.5,0.0,0.0,0.0,5.4,0.0,0.0,24.6,0.0,0.0,0.0,0.0,0.0,6.3,0.5,1.0,5.0,0.0,10.9
2026-06-13 16:15:00,0.6,0.0,1.7,0.2,0.0,0.0,8.8,10.0,1.0,5.0,0.3,22.3,56.8,63.7,40.6,22.4,2.0,0.0,1.0,42.0,10.1,12.1,0.0,2.1,0.0,0.0,0.0,5.3,0.0,0.0,8.5,0.0,0.0,0.0,0.0,0.0,6.3,1.5,1.0,5.0,0.0,8.8
2026-06-13 16:30:00,0.5,0.0,1.6,0.2,0.0,0.0,5.2,12.0,1.0,6.6,0.3,27.6,536.5,90.6,24.9,21.6,4.0,0.0,1.0,115.6,13.0,6.0,1.0,7.9,0.0,0.0,0.0,4.6,0.0,0.0,0.0,0.0,0.0,0.0,0.0,0.0,6.3,0.0,1.0,4.4,0.0,7.4
2026-06-13 16:45:00,0.5,0.0,1.6,0.3,0.0,0.0,3.5,25.2,1.0,10.4,0.3,31.1,578.8,89.1,39.4,25.6,74.2,0.0,1.0,13.2,17.0,5.0,0.0,3.8,0.0,0.0,0.0,5.2,0.0,0.0,0.0,0.0,0.0,0.0,0.0,0.0,6.4,0.0,1.0,5.4,0.0,11.5
2026-06-13 17:00:00,0.3,0.0,1.8,0.3,0.0,0.0,6.0,7.0,0.0,9.4,0.4,33.8,51.1,112.3,30.5,30.0,15.7,31.7,57.0,53.9,15.0,5.0,0.0,1.8,0.0,0.0,0.0,5.4,0.0,0.0,0.0,0.0,0.0,0.0,0.0,0.0,6.7,0.0,9.2,2.2,5.0,0.0
2026-06-13 17:15:00,0.2,0.0,2.0,0.2,0.0,0.0,9.6,3.0,0.0,1.0,0.4,8.0,21.0,45.5,27.1,5.0,74.1,0.0,57.0,47.5,12.6,6.6,0.0,7.0,0.0,0.0,0.0,11.2,0.2,0.0,0.0,0.0,0.0,0.0,0.0,0.0,5.8,5.8,0.0,10.3,5.0,12.0
2026-06-13 17:30:00,0.1,0.0,2.0,0.2,0.0,0.0,5.3,8.4,0.0,1.0,0.1,8.7,257.8,25.0,23.7,28.6,70.2,1.0,63.7,46.5,13.5,14.5,36.7,43.6,0.0,0.0,0.0,5.8,10.0,0.0,0.0,5.0,0.0,0.0,0.0,0.0,4.9,1.5,0.0,10.5,5.0,15.3
2026-06-13 17:45:00,0.0,0.0,2.0,0.1,0.0,0.0,5.0,7.7,0.0,1.0,12.4,12.2,91.6,25.0,22.4,32.6,72.5,6.0,62.1,48.1,12.0,19.0,37.2,44.1,0.0,0.0,0.0,14.8,10.0,0.0,0.0,5.0,0.0,0.0,0.0,0.0,4.1,1.8,0.0,10.1,5.0,15.5
2026-06-13 18:00:00,0.0,0.1,6.9,0.1,0.0,0.0,10.2,3.1,0.0,1.0,0.0,26.9,2.9,64.1,34.6,14.0,75.6,0.0,23.9,22.5,10.0,6.0,42.0,43.7,0.0,0.0,0.0,2.7,0.0,0.0,0.0,0.0,0.0,0.0,0.0,0.0,0.5,1.5,2.4,2.4,5.0,1.0
2026-06-13 18:15:00,0.0,0.1,0.0,12.2,0.0,2.4,5.4,17.4,0.0,1.0,0.0,53.3,14.6,37.2,18.4,6.0,75.1,0.0,23.9,23.2,9.1,5.1,42.0,53.9,0.0,0.0,0.0,0.0,0.0,0.0,0.0,1.0,0.0,0.0,0.0,0.0,0.5,2.0,0.0,62.2,0.0,33.7
2026-06-13 18:30:00,0.0,0.1,0.0,12.2,0.0,2.2,8.4,32.4,0.0,2.6,0.0,71.8,21.4,63.0,0.0,16.2,76.2,0.0,28.2,12.1,17.0,2.0,18.0,60.5,0.0,0.0,11.9,46.1,0.0,0.0,0.0,5.0,0.0,0.0,0.0,0.0,0.1,0.0,0.0,68.3,0.0,37.5
2026-06-13 18:45:00,0.0,0.2,22.4,0.1,0.0,0.0,5.4,19.4,0.0,10.9,0.0,81.2,45.6,66.9,0.0,47.5,75.4,0.0,26.8,24.4,36.4,3.4,0.0,87.1,0.0,0.0,24.2,23.4,0.0,0.0,0.0,5.0,0.0,0.0,0.0,0.0,0.0,0.0,0.0,31.8,0.0,27.4
2026-06-13 19:00:00,0.0,0.2,14.6,0.1,0.0,0.0,2.9,3.0,7.0,0.0,10.0,84.7,68.8,120.1,0.0,57.1,66.4,0.0,9.5,26.5,7.0,7.6,16.5,16.3,0.0,0.0,0.0,10.3,0.0,14.2,1.7,0.0,0.0,0.0,0.0,0.0,0.0,1.7,8.0,1.0,10.0,2.8
2026-06-13 19:15:00,0.0,0.2,15.2,0.1,0.0,0.0,2.4,12.8,1.0,0.0,1.5,68.4,29.9,154.7,0.0,5.7,60.0,0.0,12.6,32.5,40.3,6.0,42.1,41.1,0.0,0.0,0.0,4.7,0.0,0.0,0.0,5.0,0.0,0.0,0.0,0.0,0.0,0.6,0.0,15.0,5.0,10.0
2026-06-13 19:30:00,0.0,0.1,15.7,0.1,0.0,0.0,2.6,8.6,6.7,0.0,0.0,27.1,3.4,227.1,0.0,13.5,71.0,1.0,2.0,46.2,9.1,35.6,0.1,20.1,0.0,0.0,0.0,7.4,0.0,0.0,0.0,3.7,0.0,3.0,0.0,0.0,1.0,0.0,0.0,14.7,5.0,12.4
2026-06-13 19:45:00,0.0,0.1,0.1,0.1,0.0,0.0,22.6,8.7,1.0,0.0,23.4,12.9,40.3,175.3,0.0,11.4,63.6,5.3,2.0,73.2,6.0,55.4,0.1,56.1,0.0,0.0,0.0,45.6,0.0,0.0,0.0,0.0,0.0,0.0,0.0,0.0,0.0,0.4,0.0,16.2,3.0,12.7
2026-06-13 20:00:00,0.0,0.1,14.2,0.1,0.0,0.0,3.2,14.1,0.0,7.9,10.0,1.8,76.8,80.0,0.0,69.2,23.0,0.0,56.0,126.6,4.1,31.4,43.4,57.1,0.0,0.0,0.0,17.4,0.0,0.0,0.0,0.0,0.0,0.0,0.0,0.0,0.0,0.3,0.0,14.0,1.0,9.4
2026-06-13 20:15:00,0.0,0.1,14.7,0.2,0.0,0.0,2.0,13.4,8.4,1.0,33.0,2.4,59.3,51.5,4.4,0.0,54.2,2.0,56.0,182.5,4.3,11.4,1.3,15.7,0.0,0.0,0.2,0.0,10.0,0.0,0.0,0.0,2.3,0.0,0.0,0.0,0.0,0.3,0.0,3.6,1.0,0.0
2026-06-13 20:30:00,0.0,0.1,14.7,0.2,0.0,0.0,2.0,12.6,14.9,1.0,14.7,6.5,166.3,50.0,46.1,6.0,60.0,6.0,74.7,285.4,23.5,10.4,1.3,15.7,0.0,0.0,7.3,0.0,10.0,0.0,0.0,0.0,0.0,0.0,0.0,0.0,3.1,0.3,7.4,1.7,1.0,0.0
2026-06-13 20:45:00,0.0,0.0,15.2,0.3,0.0,0.0,2.0,9.8,25.9,1.0,40.5,3.8,153.5,71.0,17.3,6.0,60.0,6.0,94.2,232.4,48.7,7.4,30.4,0.0,0.0,0.0,27.4,0.0,12.0,0.0,0.0,0.0,40.3,0.0,0.0,0.0,5.0,0.0,13.5,1.0,11.1,0.0
2026-06-13 21:00:00,0.0,0.1,14.9,0.3,0.0,0.0,28.1,3.9,14.6,1.0,22.7,37.6,126.9,61.0,4.8,0.0,37.4,17.2,57.0,244.9,9.0,11.5,6.6,9.3,0.0,0.0,0.0,6.8,10.1,0.1,0.0,1.0,0.0,0.0,0.0,0.0,0.4,0.2,1.0,4.4,1.0,7.3
2026-06-13 21:15:00,0.0,0.2,17.2,0.4,0.0,0.0,26.4,3.9,4.2,1.0,16.3,27.4,66.2,63.1,2.0,10.0,50.5,21.1,70.1,244.9,19.2,11.4,14.3,9.1,0.0,0.0,1.5,0.0,0.1,0.1,0.0,5.0,0.0,0.0,0.0,0.0,1.0,0.0,2.3,2.3,12.5,0.0
2026-06-13 21:30:00,0.0,0.4,18.1,0.4,0.0,0.0,1.9,19.0,8.2,1.0,9.4,20.8,55.5,146.9,2.0,6.7,77.5,2.0,92.1,244.9,46.1,8.4,12.7,17.3,0.0,0.0,36.8,0.0,6.0,0.1,0.0,0.0,0.0,0.0,0.0,0.0,0.2,0.0,1.7,1.7,12.2,0.0
2026-06-13 21:45:00,0.0,0.5,18.9,0.4,0.0,0.0,4.6,25.6,24.0,1.0,22.5,20.4,74.0,49.2,2.0,28.6,4.7,2.0,94.5,214.1,53.0,8.4,77.7,72.2,0.0,0.0,30.0,0.0,0.1,0.1,0.0,0.0,0.0,0.0,0.0,0.0,0.1,0.0,1.9,1.9,12.7,0.0
2026-06-13 22:00:00,0.0,0.6,32.6,0.4,0.0,0.0,32.0,6.8,1.0,0.0,15.0,40.8,130.8,73.1,1.0,68.4,29.8,0.0,63.4,232.5,43.3,14.8,42.6,42.0,0.0,0.0,11.7,0.0,0.1,0.1,0.0,5.0,12.0,0.0,0.0,0.0,2.3,0.0,1.7,1.7,12.7,0.0
2026-06-13 22:15:00,0.0,0.5,33.6,0.3,0.0,0.0,2.0,15.2,1.0,0.0,5.0,37.0,119.3,92.7,1.0,52.0,27.6,2.0,62.3,232.4,44.3,14.4,0.7,5.7,0.0,0.0,12.2,0.0,0.1,0.1,0.0,0.0,11.0,0.0,0.0,0.0,2.5,1.0,1.0,10.4,11.8,0.0
2026-06-13 22:30:00,0.0,0.5,34.5,0.2,0.0,0.0,2.5,21.2,1.0,0.0,5.0,52.8,119.6,79.0,45.6,6.0,48.4,2.0,26.0,232.4,6.0,18.6,1.0,0.5,0.0,0.0,7.7,0.0,0.1,0.1,0.0,0.0,0.0,0.0,0.0,0.0,1.0,0.0,4.7,1.7,1.0,1.8
2026-06-13 22:45:00,0.0,0.5,35.1,0.2,0.0,0.0,6.4,27.9,1.0,10.7,6.1,79.8,103.9,75.8,2.4,6.0,44.9,0.0,63.8,225.0,51.1,14.4,42.0,35.5,0.0,0.0,14.0,0.0,1.6,1.6,0.0,0.0,0.0,0.0,0.0,0.0,0.0,0.0,1.8,1.8,12.0,0.0
2026-06-13 23:00:00,0.0,0.4,36.4,0.1,0.0,0.0,1.5,11.4,3.0,0.0,15.0,53.7,180.5,53.8,0.0,24.6,0.0,0.1,27.9,207.4,20.1,8.4,48.8,35.0,0.0,0.0,0.0,0.0,0.1,0.1,0.0,0.0,0.0,0.0,0.0,0.0,7.6,0.0,15.0,0.0,9.2,0.0
2026-06-13 23:15:00,0.0,0.4,36.7,0.1,0.0,0.0,2.5,11.1,10.9,0.0,6.0,51.1,241.2,52.1,0.0,15.8,14.9,0.0,28.9,203.0,22.4,11.5,18.8,0.0,0.0,0.0,0.0,0.0,0.1,0.1,0.0,0.0,0.0,0.0,0.0,0.0,7.6,0.0,14.7,0.0,9.2,0.0
2026-06-13 23:30:00,0.0,0.4,37.1,0.1,0.0,0.0,0.0,6.1,10.2,0.0,15.0,39.8,125.9,25.0,0.0,32.7,12.4,2.0,37.6,168.7,6.0,22.4,12.8,0.0,0.0,0.0,0.3,0.0,1.6,1.6,0.0,0.0,0.0,0.0,0.0,0.0,8.6,0.0,16.1,0.0,0.0,9.7
2026-06-13 23:45:00,0.0,0.0,0.0,0.1,0.0,0.0,3.0,5.0,10.6,0.0,16.0,42.6,43.2,37.0,0.0,19.5,76.6,0.0,37.1,149.0,6.0,8.6,12.4,0.0,0.0,0.0,0.5,0.0,2.0,1.6,0.0,0.0,0.5,0.0,0.0,0.0,8.6,0.0,15.0,0.0,0.0,0.0
2026-06-14 00:00:00,0.0,0.3,13.5,0.0,0.0,0.0,0.0,18.2,19.1,0.0,34.9,5.0,218.7,98.3,6.1,6.0,34.0,0.0,7.0,244.7,1.0,21.9,16.8,0.4,0.0,0.0,0.0,65.3,0.0,0.0,0.0,0.0,0.0,0.0,3.4,0.0,5.8,0.0,10.7,0.0,0.0,6.8
2026-06-14 00:15:00,0.0,0.3,0.0,0.0,0.0,0.0,2.5,4.6,3.4,0.0,29.8,7.0,76.9,61.1,2.0,6.1,9.4,0.0,16.7,247.5,9.9,10.6,8.8,0.0,0.0,0.0,5.6,0.0,0.0,0.0,0.0,0.0,0.0,0.0,1.8,0.0,0.0,0.0,10.5,0.0,6.8,0.0
2026-06-14 00:30:00,0.0,0.3,0.0,0.0,0.0,0.0,0.0,20.4,1.0,0.0,25.2,12.0,32.4,53.1,2.0,46.9,0.0,31.9,48.8,121.5,30.4,9.1,0.3,0.0,0.0,0.0,5.4,0.0,0.0,0.0,0.0,0.0,0.0,0.0,0.0,0.0,6.2,0.0,10.8,0.0,7.2,0.0
2026-06-14 00:45:00,0.0,0.2,0.0,0.0,0.0,0.0,0.8,12.8,1.0,12.6,1.4,18.3,58.4,13.7,2.0,55.1,41.5,12.8,33.1,119.3,31.1,0.0,0.6,0.0,0.0,0.0,0.0,46.4,0.0,0.0,0.0,0.0,0.0,0.0,0.0,0.0,6.2,0.0,8.4,0.0,7.4,0.0
2026-06-14 01:00:00,0.0,0.2,0.0,0.0,0.0,0.0,0.0,12.7,11.4,0.0,22.4,7.2,17.8,97.9,0.0,16.5,10.8,8.9,7.1,153.8,10.4,7.9,6.2,3.9,0.0,0.0,5.6,0.0,0.0,0.0,0.0,0.0,10.0,0.0,2.9,0.0,5.7,0.0,13.9,0.0,7.2,0.5
2026-06-14 01:15:00,0.0,0.1,0.0,0.1,0.0,0.0,2.5,3.0,5.5,0.0,23.9,18.7,23.1,46.8,0.0,30.7,44.0,13.7,46.9,135.4,5.0,48.2,18.7,4.8,0.0,0.0,73.0,0.0,0.0,0.0,0.0,0.0,3.0,0.0,2.7,0.0,0.0,0.0,9.6,0.0,0.0,8.1
2026-06-14 01:30:00,0.0,0.1,0.0,0.1,0.0,0.0,0.0,5.3,1.0,0.0,17.1,13.5,22.2,54.8,0.0,29.3,44.0,18.0,57.2,35.5,7.0,6.7,18.0,0.0,0.0,0.0,0.8,0.0,10.0,0.0,0.2,0.0,0.0,0.0,2.6,0.0,0.0,0.0,9.6,0.0,0.0,3.8
2026-06-14 01:45:00,0.0,0.0,0.0,0.2,0.0,8.0,0.5,2.5,1.6,0.0,23.2,5.1,51.7,20.4,0.0,38.3,45.0,17.4,34.2,133.4,10.1,9.8,13.0,0.0,0.0,0.0,7.4,0.0,0.0,0.0,0.1,0.0,0.0,0.0,2.6,0.0,0.0,0.0,11.4,0.0,0.0,7.8
2026-06-14 02:00:00,0.0,0.0,0.0,0.2,0.0,0.0,7.6,2.8,1.0,0.0,14.8,10.4,5.3,142.0,0.0,35.8,41.0,18.9,46.2,33.0,15.7,16.5,3.4,1.3,0.0,0.0,0.0,0.0,0.0,0.0,0.1,0.0,0.0,0.0,2.9,0.0,5.5,0.0,10.4,0.0,9.1,0.0
2026-06-14 02:15:00,0.0,0.0,0.0,0.2,0.0,0.0,0.9,2.8,1.0,0.0,14.8,12.8,23.4,89.8,0.0,35.9,41.0,18.0,42.6,179.4,7.4,7.6,10.7,1.3,0.0,10.0,0.0,0.0,0.0,0.0,0.2,0.0,10.0,0.0,2.9,0.0,7.2,0.0,10.6,0.0,1.0,0.0
2026-06-14 02:30:00,0.0,0.0,0.0,0.1,0.0,0.0,0.0,3.8,1.0,0.0,3.2,16.5,18.3,108.1,0.0,33.9,34.8,18.2,27.0,244.8,10.1,6.0,12.2,1.3,0.0,13.2,0.0,23.4,0.0,0.0,0.1,0.0,13.2,0.0,2.8,0.0,5.8,0.0,10.6,0.0,1.0,0.0
2026-06-14 02:45:00,0.0,0.0,0.0,0.1,0.0,0.0,3.6,2.8,1.0,0.0,33.3,23.4,25.4,81.0,0.0,33.5,20.0,17.8,7.0,258.5,8.4,6.0,12.2,1.3,0.0,13.2,0.0,0.0,1.0,0.0,0.2,0.0,13.2,0.0,2.8,0.0,5.5,0.0,10.6,0.0,3.7,0.0
2026-06-14 03:00:00,0.0,0.0,0.0,0.1,0.0,0.0,0.0,3.3,6.8,0.0,14.0,13.8,43.7,106.4,0.0,31.0,45.7,4.2,26.8,286.5,7.0,6.4,7.7,1.3,0.0,0.0,15.3,0.0,13.2,0.0,0.1,0.0,58.4,0.0,2.6,0.0,1.4,0.0,10.2,0.0,1.0,0.0
2026-06-14 03:15:00,0.0,0.0,0.0,0.2,0.0,5.0,0.0,5.3,1.0,0.0,20.7,14.9,34.0,105.0,0.0,27.9,43.5,4.0,23.5,283.4,10.1,5.0,10.4,1.3,0.0,0.0,4.1,0.0,13.2,0.0,0.1,0.0,30.9,0.0,2.5,0.0,6.3,0.0,10.8,0.0,1.0,0.0
2026-06-14 03:30:00,0.1,0.0,0.0,0.3,0.0,0.0,0.0,2.3,7.4,0.0,23.6,13.4,29.8,106.2,0.0,42.8,0.0,7.8,29.7,284.9,7.1,1.8,16.7,1.3,0.0,0.0,6.7,0.0,13.2,0.0,0.1,0.0,58.5,0.0,2.3,0.0,7.5,0.0,10.9,0.0,1.0,0.0
2026-06-14 03:45:00,0.1,0.0,0.0,0.4,0.0,0.0,1.0,8.5,7.0,0.0,23.7,16.8,38.1,105.6,0.0,26.9,0.0,15.0,25.8,276.6,7.1,1.9,16.3,1.3,0.0,0.0,7.7,0.0,13.4,0.0,0.1,0.0,49.9,0.0,2.0,0.0,8.8,0.0,11.3,0.0,1.0,0.0
2026-06-14 04:00:00,0.1,0.0,0.0,0.5,0.0,0.0,0.0,3.5,0.0,0.0,19.8,13.1,57.8,44.6,0.0,38.6,0.0,4.0,10.0,259.4,5.9,2.0,4.5,0.0,0.0,0.0,8.1,0.0,13.2,0.0,0.1,0.0,26.7,0.0,0.0,0.0,4.0,0.0,10.9,0.0,1.1,0.0
2026-06-14 04:15:00,0.1,0.0,0.0,0.5,0.0,0.0,0.7,9.2,0.0,0.0,21.2,14.3,50.7,40.0,0.0,38.9,0.0,47.0,7.2,250.7,3.3,3.6,6.3,0.0,0.0,0.0,8.1,0.0,13.3,0.0,0.1,0.0,22.6,0.0,1.1,0.0,9.3,0.0,10.8,0.0,6.3,0.0
2026-06-14 04:30:00,0.1,0.0,0.0,0.5,0.0,0.0,0.4,7.0,0.0,0.0,29.5,12.3,83.7,68.3,0.3,29.1,0.0,48.0,20.6,170.6,2.8,2.0,11.6,0.0,0.0,0.0,7.9,0.0,13.2,0.0,0.1,0.0,42.7,0.0,1.0,0.0,0.0,0.0,11.9,0.0,5.2,0.0
2026-06-14 04:45:00,0.1,0.0,0.0,0.5,0.0,0.0,4.7,7.6,0.1,0.0,23.4,26.0,23.0,120.8,2.2,16.6,4.0,47.0,47.2,33.5,4.5,2.0,12.0,0.0,0.0,0.0,7.4,0.0,13.2,0.0,0.1,0.0,56.9,0.0,0.8,0.0,0.0,0.0,11.7,0.0,1.7,0.0
2026-06-14 05:00:00,0.1,0.0,0.0,0.5,0.0,5.0,1.0,11.2,1.0,0.0,20.5,15.0,33.7,109.5,2.4,44.8,0.0,47.0,89.7,40.4,2.1,5.0,5.3,0.0,0.0,14.9,0.0,64.7,14.9,0.0,0.1,0.0,0.0,0.0,0.5,0.0,0.0,0.0,11.9,0.0,0.0,1.6
2026-06-14 05:15:00,0.2,0.0,0.0,0.4,0.0,5.0,1.0,6.5,1.0,0.0,17.4,14.4,27.1,110.5,0.5,33.7,0.0,47.0,87.3,40.4,2.0,5.0,5.4,0.0,0.0,11.6,0.0,3.9,16.3,0.0,0.1,0.0,0.0,0.0,0.2,0.0,0.0,0.0,11.7,0.0,0.0,2.2
2026-06-14 05:30:00,0.2,0.0,0.0,0.4,0.0,1.1,3.1,0.0,1.0,0.0,0.0,31.5,26.9,109.7,5.4,14.6,0.0,0.0,86.9,40.5,2.8,5.0,0.1,0.0,0.0,14.7,0.0,3.0,16.3,0.0,0.1,0.0,1.7,0.0,0.0,0.0,0.0,0.0,11.4,0.0,0.0,0.0
2026-06-14 05:45:00,0.2,0.0,0.0,0.3,0.0,0.0,4.0,0.0,1.0,0.0,0.0,39.5,36.2,132.7,5.1,3.9,0.0,3.0,90.1,40.4,3.5,2.0,0.1,0.0,0.0,0.0,0.0,0.0,16.2,0.0,0.2,0.0,12.0,0.0,0.0,0.0,0.0,0.0,9.9,0.0,0.0,0.0
2026-06-14 06:00:00,0.3,0.0,0.0,0.3,0.0,5.0,3.0,21.6,0.0,13.4,0.1,65.6,53.9,147.0,0.6,23.4,2.0,0.1,56.0,88.5,7.0,17.8,7.5,0.0,0.0,0.0,0.0,4.0,0.0,0.0,5.1,0.0,0.0,0.0,0.0,0.0,0.6,0.0,10.5,1.0,1.0,6.4
2026-06-14 06:15:00,0.2,0.0,0.0,0.3,0.0,5.0,5.9,3.5,0.0,12.5,0.0,54.7,23.8,182.4,0.0,43.6,0.0,11.5,56.0,60.4,7.0,17.6,1.2,0.0,0.0,0.0,0.0,3.8,0.0,0.0,0.1,0.0,0.0,0.0,0.0,0.0,0.0,0.0,10.9,1.0,1.0,6.3
2026-06-14 06:30:00,0.2,0.0,0.0,0.4,0.0,0.0,10.1,3.5,0.0,11.9,0.0,51.5,13.4,177.0,0.0,47.1,0.0,14.7,56.0,60.1,7.0,14.9,1.3,0.0,0.0,0.0,0.0,4.2,0.0,10.0,0.0,0.0,0.0,0.0,0.0,0.0,0.0,0.0,9.9,1.0,1.0,0.1
2026-06-14 06:45:00,0.0,0.5,0.0,0.4,0.0,5.0,15.3,6.5,0.0,13.2,0.1,52.6,15.7,191.4,0.0,51.4,0.0,12.0,56.0,38.7,7.0,40.3,1.3,33.1,0.0,0.0,0.0,4.0,0.0,10.0,0.0,0.0,0.0,0.0,0.0,0.0,0.0,1.1,0.0,14.3,1.0,7.3
2026-06-14 07:00:00,0.0,0.4,0.0,0.4,0.0,5.0,3.0,12.4,0.0,6.0,0.1,42.2,20.2,84.2,0.0,22.1,0.0,5.5,7.0,34.6,2.0,33.5,0.0,10.1,0.0,0.0,0.0,0.0,0.0,0.0,0.0,0.0,0.2,0.0,0.0,0.0,0.0,1.1,0.0,5.3,0.0,3.5
2026-06-14 07:15:00,0.0,0.4,0.0,0.4,0.0,5.0,3.0,5.5,0.0,3.7,0.0,54.0,21.7,79.3,0.0,21.0,0.0,4.6,17.6,18.3,2.0,26.5,0.0,5.9,0.0,0.0,0.6,0.0,0.0,0.0,0.0,0.0,10.4,0.0,0.0,0.0,0.0,2.0,0.0,3.7,0.0,2.3
2026-06-14 07:30:00,0.0,0.5,0.0,0.4,0.0,5.0,9.5,1.5,0.0,8.7,7.8,61.6,6.2,112.2,17.1,22.9,0.0,7.9,14.4,12.3,0.0,33.7,0.0,6.3,0.0,0.0,0.0,1.4,0.0,0.0,0.0,0.0,0.0,0.0,0.0,0.0,0.0,2.0,0.0,4.8,0.0,2.5
2026-06-14 07:45:00,0.3,0.0,0.0,0.4,0.0,5.0,4.3,4.5,0.0,2.1,3.0,32.4,38.2,73.6,18.6,18.8,20.0,3.3,14.5,6.2,2.0,13.2,0.0,6.7,0.0,0.0,2.8,0.0,0.0,0.0,0.0,0.0,0.0,0.0,0.0,0.0,0.0,3.0,0.0,4.2,0.0,2.7
2026-06-14 08:00:00,0.0,0.8,0.0,0.4,0.0,5.0,3.8,8.5,0.0,3.0,12.0,27.7,31.4,88.2,20.7,21.2,60.0,6.1,1.0,25.5,7.0,31.5,0.0,8.9,0.0,0.0,0.0,0.0,0.0,7.4,0.0,0.0,0.0,0.0,0.0,0.0,0.0,4.0,0.0,7.0,0.0,2.0
2026-06-14 08:15:00,0.0,0.2,0.0,0.5,0.0,5.0,3.8,10.4,0.0,2.8,0.0,32.1,113.9,76.9,22.7,19.4,60.0,7.8,1.0,31.3,7.0,28.9,0.0,8.7,0.0,0.0,2.5,0.0,0.0,7.5,0.0,0.0,0.0,0.0,0.0,0.0,0.0,4.0,0.0,7.9,0.0,2.0
2026-06-14 08:30:00,0.3,0.0,0.0,0.5,0.0,5.0,7.6,3.0,0.0,3.4,0.0,33.7,106.9,90.3,24.5,19.5,60.0,8.2,1.0,31.5,7.0,19.5,0.0,8.8,0.0,0.0,2.3,0.0,0.0,0.0,0.0,0.0,0.0,0.0,0.0,0.1,0.0,5.1,0.0,7.9,0.0,2.1
2026-06-14 08:45:00,0.4,0.0,0.0,0.5,0.0,5.0,11.2,3.0,0.0,2.3,0.0,32.7,10.3,83.9,31.9,20.9,60.0,7.9,1.0,21.3,7.0,14.3,0.0,9.0,0.0,0.0,2.7,0.0,0.0,0.0,0.0,0.0,0.0,0.0,0.0,0.1,0.0,5.0,0.0,4.3,0.0,2.2
2026-06-14 09:00:00,0.4,0.0,0.0,0.6,0.0,5.0,4.7,3.7,1.0,3.3,0.0,22.5,99.8,49.7,30.6,22.2,54.0,2.6,2.0,29.6,7.0,24.2,0.0,11.2,0.0,0.0,3.2,0.0,0.0,10.0,0.0,0.0,0.0,0.0,0.0,0.3,0.0,6.0,0.1,10.1,1.0,1.9
2026-06-14 09:15:00,0.4,0.0,0.0,0.7,0.0,5.0,4.7,1.5,1.0,0.0,0.0,28.4,118.0,29.6,31.8,10.8,54.0,7.5,2.0,27.4,9.0,19.4,0.0,10.7,0.0,0.0,3.2,0.0,0.0,0.0,0.0,0.0,0.0,0.0,0.0,0.2,0.0,8.0,0.0,5.2,1.0,2.2
2026-06-14 09:30:00,0.4,0.0,0.0,0.8,0.0,5.0,12.1,3.0,1.0,0.2,0.0,42.7,6.7,62.6,33.0,19.4,114.0,7.7,2.0,19.9,9.0,13.2,0.0,8.0,0.0,0.0,0.8,0.0,0.0,0.0,0.0,0.0,0.0,0.0,0.0,0.2,0.0,10.0,0.0,4.4,1.0,2.2
2026-06-14 09:45:00,0.4,0.0,0.0,0.9,0.0,5.0,11.9,3.0,1.0,6.2,0.0,46.7,47.0,66.0,49.1,23.4,114.0,8.4,2.0,18.4,9.0,14.0,0.0,6.8,0.0,0.0,0.8,0.0,0.0,0.0,0.0,0.0,0.0,0.0,0.0,0.2,0.0,12.0,0.0,5.0,1.0,2.7
2026-06-14 10:00:00,0.3,0.0,0.0,0.9,0.0,5.0,5.7,0.7,1.0,0.0,0.9,32.9,14.1,101.9,33.0,22.3,0.0,2.0,6.0,15.5,6.0,14.3,0.0,9.4,0.0,0.0,4.4,3.6,3.1,0.0,0.0,0.0,0.0,3.1,0.0,0.4,0.0,12.0,0.0,4.7,0.5,2.1
2026-06-14 10:15:00,0.3,0.0,0.0,0.9,0.0,5.0,11.0,0.0,1.0,1.8,0.1,41.8,111.9,59.1,34.6,21.6,0.0,2.0,6.0,18.3,6.0,17.2,0.0,9.3,0.0,0.3,4.4,3.3,0.0,0.0,0.0,0.0,0.0,0.0,0.0,0.5,0.0,10.0,0.0,6.6,0.5,2.3
2026-06-14 10:30:00,0.3,0.0,0.0,0.9,0.0,5.0,23.3,0.0,1.0,5.0,0.1,26.7,49.7,46.5,35.7,19.9,60.2,2.0,6.0,13.5,6.0,19.8,0.0,9.9,0.0,0.4,4.4,3.2,0.0,0.0,0.0,0.0,0.0,0.0,0.0,0.6,0.0,9.0,0.0,5.9,0.5,2.4
2026-06-14 10:45:00,0.2,0.0,0.0,0.9,0.0,5.0,29.5,3.0,1.0,8.9,10.1,36.8,100.3,69.1,51.7,25.3,60.0,2.0,13.4,0.0,6.0,7.5,0.0,0.0,0.0,1.9,4.4,1.7,10.0,0.0,0.0,0.0,0.0,0.0,0.0,0.7,0.0,8.0,0.0,4.9,0.5,1.0
2026-06-14 11:00:00,0.2,0.0,0.0,0.9,0.0,5.0,0.1,0.7,0.0,5.2,0.0,35.6,41.7,86.9,37.5,22.2,0.0,4.2,0.0,15.3,7.0,8.2,0.0,9.5,0.0,4.2,8.2,3.2,1.8,0.0,0.0,0.0,0.0,1.8,0.0,0.8,0.0,7.0,0.0,6.5,0.0,3.6
2026-06-14 11:15:00,0.2,0.0,0.0,0.9,0.0,5.0,4.6,0.5,0.0,4.9,0.0,32.1,54.1,69.1,38.5,20.2,0.0,2.0,0.0,12.0,7.0,12.1,0.0,9.5,0.0,6.3,8.2,1.1,8.0,0.0,0.0,0.0,0.0,0.0,0.0,0.8,0.0,8.0,0.0,6.7,0.0,3.8
2026-06-14 11:30:00,0.2,0.0,0.0,0.9,0.0,5.0,7.0,0.0,0.0,7.1,0.0,29.4,95.9,62.3,39.6,21.6,0.0,2.0,7.5,0.1,7.0,7.6,0.0,0.0,0.0,4.2,8.2,3.2,0.0,0.0,0.0,0.0,0.0,0.0,0.0,0.9,0.0,8.0,0.0,4.8,0.0,2.8
2026-06-14 11:45:00,0.1,0.0,0.0,0.8,0.0,5.0,13.3,0.0,0.0,7.9,0.0,41.2,74.7,69.7,40.6,23.3,60.0,8.6,7.5,2.2,7.0,9.6,0.0,0.4,0.0,4.1,8.2,3.3,0.0,0.0,0.0,0.0,0.0,0.0,0.0,1.0,0.0,9.0,0.0,5.5,0.0,4.3
2026-06-14 12:00:00,0.1,0.0,0.0,0.0,0.0,0.0,9.5,0.0,0.0,11.4,0.0,35.2,33.2,76.8,41.7,20.9,0.0,9.4,14.7,0.0,11.4,5.9,9.4,0.0,0.0,0.0,0.8,0.0,0.0,0.0,0.0,0.0,0.0,0.0,0.0,0.0,0.0,0.2,4.6,1.0,2.5,1.0
2026-06-14 12:15:00,0.1,0.0,0.0,0.0,0.0,0.0,13.1,0.0,0.0,17.0,0.0,42.1,110.2,73.4,42.3,20.9,0.0,7.3,13.6,4.4,14.2,4.4,11.1,0.0,0.0,0.0,0.8,0.0,0.0,0.0,0.0,0.0,0.0,0.0,0.0,0.0,0.0,0.1,5.0,1.0,2.5,1.0
2026-06-14 12:30:00,0.1,0.0,0.0,0.0,0.0,0.0,9.7,0.0,0.0,17.3,0.0,34.4,67.4,75.0,42.2,18.6,0.0,7.6,13.8,4.4,14.4,4.4,10.1,0.0,0.0,0.0,0.8,0.0,0.0,0.0,1.0,0.0,0.0,0.0,0.0,0.0,0.0,2.2,5.0,1.0,2.4,1.0
2026-06-14 12:45:00,0.0,0.0,0.0,0.0,0.0,0.0,11.4,0.0,0.0,17.2,0.0,43.3,91.7,83.1,42.3,26.9,0.0,14.6,14.5,4.4,15.1,4.4,11.9,0.0,0.0,0.0,0.8,0.0,0.0,0.0,0.0,0.0,0.0,0.0,0.0,0.0,0.0,0.0,5.0,1.0,2.4,1.0
2026-06-14 13:00:00,0.0,0.0,0.0,0.0,0.0,0.0,15.1,0.0,0.0,15.8,0.0,40.6,61.2,74.5,57.9,20.0,0.0,22.7,5.6,5.5,13.1,0.0,8.8,0.0,0.8,0.0,0.0,0.0,0.0,0.0,3.0,0.0,0.0,0.0,0.0,0.0,0.0,0.2,4.6,1.0,2.3,2.3
2026-06-14 13:15:00,0.0,0.0,0.0,0.0,0.0,0.0,14.4,0.0,0.0,18.6,0.0,34.7,103.7,79.2,58.2,21.9,0.0,25.4,11.1,5.5,12.2,4.8,11.7,0.0,0.0,0.0,0.8,0.0,0.0,0.0,0.0,0.0,0.0,0.0,0.0,0.0,0.0,1.9,4.7,1.0,2.4,1.0
2026-06-14 13:30:00,0.0,0.0,0.0,0.0,0.0,0.0,9.3,0.0,0.0,18.3,0.0,35.0,216.4,69.7,43.7,26.9,0.0,65.7,12.5,5.5,13.5,4.5,12.0,0.0,0.0,0.0,0.8,0.0,0.0,0.0,0.0,0.0,0.0,0.0,0.0,0.0,0.0,1.9,4.4,1.0,2.4,1.0
2026-06-14 13:45:00,0.0,0.0,0.0,0.0,0.0,0.0,12.6,0.0,0.0,17.8,0.0,39.4,118.8,87.6,56.5,28.6,0.0,44.7,17.0,8.4,18.2,7.4,6.0,0.0,0.0,0.0,0.8,0.0,0.0,0.0,0.0,0.0,0.0,0.0,0.0,0.0,0.0,2.7,4.2,1.0,2.6,2.2
2026-06-14 14:00:00,0.0,0.2,0.0,0.0,0.0,0.0,15.7,0.0,0.0,27.2,0.0,37.2,177.0,71.6,59.1,25.5,0.0,25.8,0.7,11.5,6.0,6.4,11.7,0.0,0.0,2.6,15.0,3.1,0.0,5.0,0.0,0.0,15.0,0.0,0.0,0.0,0.0,3.6,4.2,1.0,2.6,1.8
2026-06-14 14:15:00,0.0,0.3,0.0,0.0,0.0,0.0,16.3,0.0,0.0,28.3,0.0,38.5,168.3,91.1,58.6,25.2,0.0,12.5,10.6,11.4,15.4,8.1,0.4,0.0,0.0,0.0,15.0,1.1,0.0,0.0,5.0,0.0,10.0,0.0,0.0,0.0,0.0,19.1,0.0,1.0,0.0,1.9
2026-06-14 14:30:00,0.0,0.4,0.0,0.0,0.0,5.0,12.0,0.0,0.0,28.6,0.0,46.1,181.9,80.2,58.9,25.3,0.0,0.0,13.5,11.4,6.0,7.0,0.4,0.0,0.0,0.0,15.9,0.0,0.0,0.0,5.0,0.0,10.0,0.0,0.0,0.9,0.0,10.3,0.0,1.9,0.0,4.6
2026-06-14 14:45:00,0.0,0.4,0.2,0.0,0.0,0.0,12.7,5.0,0.0,28.6,0.0,49.5,144.4,89.0,46.1,25.2,0.0,5.2,15.7,11.4,11.9,9.0,5.8,0.0,0.0,10.7,15.0,3.5,0.0,0.0,5.0,0.0,0.0,0.0,0.0,0.0,0.0,6.4,0.0,1.1,0.0,1.9
2026-06-14 15:00:00,0.0,0.4,0.2,0.0,0.0,0.0,13.3,0.0,0.0,25.1,0.0,42.8,224.5,77.2,48.7,26.7,0.0,3.2,15.6,8.4,10.6,9.4,2.4,0.0,0.0,0.0,3.2,0.0,0.0,13.0,0.0,0.0,23.0,0.0,0.0,0.0,0.0,4.8,0.0,1.0,0.0,1.5
2026-06-14 15:15:00,0.0,0.5,0.2,0.0,0.0,1.4,12.1,5.0,0.0,23.0,0.0,40.0,177.9,80.7,58.2,24.6,0.0,2.9,13.9,5.4,10.2,9.4,0.6,0.0,0.0,0.0,0.9,0.0,0.0,0.0,0.0,0.0,0.0,0.0,0.0,0.9,0.0,0.0,4.1,1.0,0.8,1.6
2026-06-14 15:30:00,0.0,0.5,0.2,0.0,0.0,5.0,12.0,0.0,0.0,20.3,0.0,31.3,272.1,75.7,43.0,25.2,0.0,13.9,14.4,5.4,10.6,9.4,0.6,0.0,0.0,0.0,0.8,0.0,0.0,0.0,0.0,0.0,0.0,0.0,0.0,0.9,0.0,4.1,1.7,1.0,0.0,1.4
2026-06-14 15:45:00,0.0,0.5,0.1,0.0,0.0,5.0,13.5,0.0,0.0,19.6,0.0,25.0,81.0,68.8,41.9,25.0,0.0,3.7,17.5,8.5,12.9,9.4,0.6,1.2,0.0,0.0,0.0,0.3,0.0,0.0,0.0,0.0,0.0,0.0,0.0,1.0,2.2,4.2,3.2,1.0,0.6,1.3
2026-06-14 16:00:00,0.0,0.4,0.1,0.0,0.0,0.0,14.9,0.0,0.0,17.4,0.0,33.9,62.4,75.8,50.9,25.4,0.0,39.4,7.7,7.4,0.0,9.5,0.5,0.0,0.0,0.0,0.8,0.0,0.0,0.0,5.0,0.0,0.0,0.0,0.0,0.8,0.0,0.0,3.5,1.0,0.0,0.3
2026-06-14 16:15:00,0.0,0.4,0.1,0.0,0.0,4.2,11.8,5.0,0.0,15.7,0.0,33.4,62.2,61.8,46.9,24.0,0.0,22.0,7.0,7.5,2.0,9.5,0.5,0.0,0.0,0.0,0.8,0.0,10.0,0.0,5.0,0.0,0.1,0.0,0.0,1.0,0.1,0.1,0.0,1.0,0.0,0.3
2026-06-14 16:30:00,0.0,0.3,0.1,0.0,0.0,5.0,7.0,7.0,0.0,15.7,0.0,27.6,51.7,71.3,38.5,23.0,0.0,36.7,7.0,7.5,3.5,2.0,0.5,4.4,0.0,0.0,0.2,0.0,0.0,0.0,5.0,0.0,0.0,0.0,0.0,0.9,0.7,5.7,0.0,1.4,0.0,0.2
2026-06-14 16:45:00,0.0,0.2,0.2,0.0,0.0,3.7,6.4,5.0,0.0,16.7,0.0,20.9,121.7,49.2,52.5,22.8,0.0,67.0,7.3,7.5,2.0,3.5,0.5,0.0,0.0,0.0,0.0,1.1,0.0,0.0,5.0,0.0,0.0,0.0,0.0,0.8,0.0,4.6,0.2,1.4,0.0,0.1
2026-06-14 17:00:00,0.0,0.2,0.2,0.0,0.0,0.2,4.1,4.8,0.0,15.5,0.1,39.6,76.7,70.5,36.3,19.6,0.0,14.2,6.6,7.4,4.2,6.0,0.6,0.0,0.0,0.0,3.1,0.0,0.0,0.0,7.7,0.0,10.0,0.0,0.0,0.9,0.0,12.2,6.5,1.0,2.2,0.0
2026-06-14 17:15:00,0.0,0.2,0.1,0.0,0.0,2.7,5.9,6.5,0.0,11.0,0.1,18.4,20.4,41.0,37.2,8.5,2.0,0.0,6.9,7.4,4.5,6.0,0.6,15.8,0.0,0.0,0.0,0.4,0.0,0.0,27.9,0.0,0.0,0.0,0.0,0.9,0.0,4.2,4.0,1.0,0.4,0.0
2026-06-14 17:30:00,0.0,0.1,0.1,0.0,0.0,5.0,7.0,12.1,0.0,11.0,2.4,15.0,109.2,25.0,36.3,6.0,6.0,45.0,7.4,4.4,8.9,6.0,0.6,13.8,0.0,2.6,0.0,0.8,10.5,0.0,16.7,0.0,0.0,0.0,0.0,0.8,0.0,4.9,6.4,1.0,4.3,0.0
2026-06-14 17:45:00,0.0,0.5,0.0,0.0,0.0,5.0,7.1,27.2,0.0,18.8,13.4,20.8,31.9,86.5,32.8,25.2,6.0,67.9,6.0,30.5,5.0,28.6,0.6,12.4,0.0,23.3,0.0,4.4,0.0,0.0,15.0,0.0,31.9,0.0,0.0,0.8,0.0,6.6,0.0,8.0,0.0,4.4
2026-06-14 18:00:00,0.0,0.1,0.0,0.0,0.0,0.0,5.6,23.6,10.7,1.0,56.7,19.1,121.1,31.1,46.0,34.9,52.1,13.4,0.0,30.0,2.0,21.1,14.4,0.0,0.3,0.0,0.0,0.0,0.0,0.0,24.7,0.0,0.0,0.0,0.0,0.6,0.0,3.7,0.0,1.8,0.0,3.2
2026-06-14 18:15:00,0.0,0.1,0.0,0.0,0.0,0.0,6.3,29.7,0.0,13.3,12.0,36.8,39.0,60.1,0.0,33.7,60.0,6.0,0.0,20.5,3.2,7.0,21.9,0.0,1.0,0.0,3.3,0.0,0.0,0.0,13.1,0.0,0.0,0.0,0.0,0.5,0.0,3.1,0.0,1.0,0.0,8.0
2026-06-14 18:30:00,0.0,0.1,0.0,0.0,0.0,0.0,7.7,25.1,0.0,22.4,6.0,39.2,32.4,72.9,0.0,42.9,60.0,24.8,0.0,59.5,5.8,11.0,0.2,0.0,1.0,0.0,0.0,0.0,0.0,2.0,8.2,0.0,0.0,0.0,0.0,0.5,0.0,2.2,0.0,5.8,0.0,7.8
2026-06-14 18:45:00,0.0,0.1,0.0,0.0,0.0,0.0,6.7,18.9,0.0,18.0,4.0,56.0,155.5,97.9,0.0,50.0,0.0,49.3,0.0,62.8,2.0,39.4,0.1,5.0,0.0,14.5,0.0,4.0,10.3,0.0,0.0,0.0,0.0,0.0,0.0,0.4,0.0,1.2,0.0,4.4,0.0,9.8
2026-06-14 19:00:00,0.0,0.1,0.0,0.0,0.0,0.0,3.1,4.2,1.0,18.4,16.4,45.6,16.0,119.3,1.0,16.0,3.0,65.7,6.0,63.8,2.0,51.2,0.2,5.1,0.0,6.0,0.0,15.6,0.0,4.4,0.0,0.0,0.0,12.5,0.0,0.3,0.0,0.6,0.0,14.7,0.0,8.2
2026-06-14 19:15:00,0.0,0.0,0.0,0.0,0.0,0.0,6.1,15.4,1.0,16.8,1.5,51.4,19.9,107.2,0.8,8.5,0.0,15.8,6.0,92.3,5.1,57.6,31.4,0.0,0.0,22.2,0.0,5.6,0.0,0.0,0.0,0.0,0.0,0.0,0.0,0.3,0.0,0.4,0.0,1.0,0.0,9.5
2026-06-14 19:30:00,0.0,0.0,0.0,0.0,0.0,0.0,6.2,5.0,1.0,0.0,0.0,29.7,17.1,79.0,9.1,12.0,0.0,21.2,6.0,77.0,1.5,39.6,4.1,0.0,0.0,0.2,0.0,34.2,0.0,0.0,0.0,5.0,0.0,0.0,0.0,0.2,0.0,0.2,0.0,14.7,0.0,9.4
2026-06-14 19:45:00,0.0,0.0,0.0,0.0,0.0,0.0,17.0,5.3,9.2,0.0,0.0,32.5,3.1,141.0,2.5,44.5,10.9,1.0,6.0,51.9,0.0,35.3,12.1,5.6,0.0,0.1,0.0,41.6,0.0,0.0,0.0,5.0,0.0,0.0,0.0,0.2,0.0,0.0,0.0,8.4,0.0,2.6
2026-06-14 20:00:00,0.0,0.0,0.0,0.1,0.0,0.0,1.3,11.9,0.0,18.4,10.0,18.6,119.0,66.5,3.7,22.7,14.2,0.0,120.0,276.5,47.2,5.1,8.4,1.8,0.0,5.7,0.0,14.9,0.0,0.0,0.0,0.0,0.0,0.0,0.0,0.2,0.0,0.0,20.7,1.0,10.5,0.0
2026-06-14 20:15:00,0.0,0.0,0.0,0.1,0.0,0.0,4.0,27.4,0.0,1.0,0.6,23.1,173.2,114.7,2.6,17.9,28.2,0.0,120.7,273.4,48.0,5.0,8.4,1.8,0.0,0.0,0.0,0.6,0.0,0.0,0.0,0.0,0.0,0.0,0.0,0.2,0.0,0.0,0.0,1.0,10.6,0.0
2026-06-14 20:30:00,0.0,0.0,0.0,0.1,0.0,0.0,4.0,10.5,3.0,1.0,0.0,19.0,208.8,121.9,9.0,8.5,39.4,0.0,121.1,276.6,47.4,6.5,0.0,3.8,0.0,0.0,0.0,0.1,0.0,0.0,0.0,0.0,0.0,0.0,0.0,0.0,0.0,0.0,0.0,13.6,10.5,0.0
2026-06-14 20:45:00,0.0,0.0,0.0,0.2,0.0,0.0,4.0,13.9,2.8,1.0,35.5,2.9,124.2,52.7,48.8,36.0,55.3,0.0,95.3,273.9,47.1,5.0,8.4,1.8,0.0,0.0,0.0,0.0,0.0,0.0,0.0,0.0,0.0,0.0,0.0,0.0,0.0,0.0,10.6,1.0,11.2,0.0
2026-06-14 21:00:00,0.0,0.0,0.0,0.2,0.0,0.0,5.5,6.9,0.0,1.0,6.2,0.1,135.0,7.6,5.2,6.0,60.0,24.2,79.1,252.5,54.3,0.0,6.8,0.0,0.0,0.0,0.0,3.1,0.0,0.0,0.0,5.0,0.0,0.0,0.0,0.0,0.0,0.1,5.8,1.0,13.3,0.0
2026-06-14 21:15:00,0.0,0.0,0.0,0.2,0.0,0.0,5.0,13.7,0.0,1.0,1.0,1.5,139.2,33.0,17.1,8.5,80.3,0.0,70.1,253.4,49.0,4.4,7.0,2.0,0.0,0.0,0.0,0.1,0.0,0.0,0.0,1.3,0.0,0.0,0.0,0.0,0.0,0.7,16.1,1.0,12.5,0.0
2026-06-14 21:30:00,0.0,0.0,0.0,0.2,0.0,0.0,5.0,16.3,0.0,4.3,24.1,10.1,144.3,122.1,6.3,9.2,60.0,24.6,68.4,256.5,46.9,0.0,11.0,6.2,0.0,0.0,0.0,0.0,0.0,0.0,0.0,0.0,0.0,0.0,0.0,0.0,0.0,1.2,14.5,1.0,12.2,0.0
2026-06-14 21:45:00,0.1,0.0,0.0,0.2,0.0,0.0,5.0,5.9,0.0,4.8,2.6,40.3,147.0,76.4,2.0,8.7,62.4,2.0,69.0,228.0,53.6,0.0,16.0,10.5,0.0,0.0,0.4,0.0,0.0,0.0,0.0,0.0,0.0,0.0,0.0,0.0,0.0,1.9,16.8,1.0,12.7,0.0
2026-06-14 22:00:00,0.1,0.0,0.0,0.2,0.0,0.0,18.4,9.2,1.0,3.1,35.3,2.1,126.4,102.1,1.0,30.5,60.0,2.0,77.5,217.3,55.8,0.0,10.2,15.2,0.0,0.0,0.0,0.9,0.0,0.0,0.0,2.5,0.0,0.0,0.0,0.0,0.0,2.5,0.0,8.6,12.7,0.0
2026-06-14 22:15:00,0.1,0.0,0.0,0.2,0.0,0.0,27.0,8.0,1.0,17.3,21.6,0.1,141.8,21.7,1.0,18.7,60.0,2.0,73.8,210.4,53.9,0.0,8.1,13.1,0.0,0.0,0.0,0.3,0.0,0.0,0.0,2.4,0.0,0.0,0.0,0.0,0.0,2.6,0.0,0.1,11.8,0.0
2026-06-14 22:30:00,0.1,0.0,0.0,0.1,0.0,0.0,19.5,7.9,1.0,1.3,12.0,10.9,139.6,14.4,1.0,7.7,34.7,2.0,73.1,211.4,48.7,0.0,5.6,10.6,0.0,0.0,0.0,0.0,0.0,0.0,0.0,0.0,0.0,0.0,0.0,0.0,0.0,2.5,0.0,0.0,12.0,0.0
2026-06-14 22:45:00,0.1,0.0,0.0,0.1,0.0,0.0,34.3,6.7,1.0,11.5,9.5,9.8,138.5,4.1,1.4,2.5,57.0,2.0,79.3,129.7,9.0,54.8,1.5,5.8,0.0,0.0,0.0,0.0,10.0,0.0,0.0,0.0,0.0,0.0,0.1,0.0,3.4,3.4,0.0,0.0,1.0,11.1
2026-06-14 23:00:00,0.1,0.0,0.0,0.1,0.0,0.0,3.0,30.2,1.0,23.8,12.4,0.0,225.1,8.6,0.0,22.1,48.9,13.0,68.2,138.0,9.1,23.7,8.9,4.5,0.0,0.0,0.0,0.2,0.0,0.0,0.0,0.0,0.0,0.0,0.0,0.0,0.0,3.4,1.0,13.2,1.0,0.4
2026-06-14 23:15:00,0.1,0.0,0.0,0.1,0.0,0.0,3.1,16.2,1.0,8.3,10.0,1.0,241.2,80.5,0.7,8.0,53.4,2.0,62.2,110.4,2.0,56.5,8.9,3.5,0.0,0.0,0.0,0.4,0.0,0.0,0.0,0.0,0.0,0.0,0.0,0.0,0.0,3.2,1.0,11.4,1.0,9.2
2026-06-14 23:30:00,0.1,0.0,0.0,0.1,0.0,0.0,3.0,11.8,1.0,0.0,10.0,1.9,215.9,72.1,0.0,28.2,65.6,2.0,61.7,110.5,2.0,53.9,0.1,5.1,6.2,0.0,0.0,0.0,5.2,0.0,0.0,0.0,0.0,0.0,0.0,0.0,5.0,0.0,1.0,15.2,1.0,8.2
2026-06-14 23:45:00,0.1,0.0,0.0,0.1,0.0,0.0,4.2,23.6,11.5,0.0,41.4,0.0,155.8,52.0,0.0,8.4,76.6,0.0,60.7,108.5,2.6,20.4,3.3,3.3,1.5,0.0,0.1,0.0,1.0,0.0,0.0,0.0,0.0,0.0,0.0,0.0,10.0,0.0,1.0,1.6,1.0,5.9
